                                kicad schematic
                                Transient Analysis  Sun Nov 09 01:09:35  2025
--------------------------------------------------------------------------------
Index   time            a4#branch_1_0   a7#branch_1_0   a13#branch_1_0  
--------------------------------------------------------------------------------
0	0.000000e+00	0.000000e+00	0.000000e+00	0.000000e+00	
1	1.000000e-10	0.000000e+00	0.000000e+00	0.000000e+00	
2	2.000000e-10	0.000000e+00	0.000000e+00	0.000000e+00	
3	4.000000e-10	0.000000e+00	0.000000e+00	0.000000e+00	
4	8.000000e-10	0.000000e+00	0.000000e+00	0.000000e+00	
5	1.600000e-09	0.000000e+00	0.000000e+00	0.000000e+00	
6	3.200000e-09	0.000000e+00	0.000000e+00	0.000000e+00	
7	6.400000e-09	0.000000e+00	0.000000e+00	0.000000e+00	
8	1.000000e-08	0.000000e+00	0.000000e+00	0.000000e+00	
9	1.064000e-08	0.000000e+00	0.000000e+00	0.000000e+00	
10	1.140000e-08	0.000000e+00	0.000000e+00	0.000000e+00	
11	1.149000e-08	0.000000e+00	0.000000e+00	0.000000e+00	
12	1.167000e-08	0.000000e+00	0.000000e+00	0.000000e+00	
13	1.203000e-08	0.000000e+00	0.000000e+00	0.000000e+00	
14	1.230000e-08	0.000000e+00	0.000000e+00	0.000000e+00	
15	1.237200e-08	0.000000e+00	0.000000e+00	0.000000e+00	
16	1.251600e-08	0.000000e+00	0.000000e+00	0.000000e+00	
17	1.280400e-08	0.000000e+00	0.000000e+00	0.000000e+00	
18	1.338000e-08	0.000000e+00	0.000000e+00	0.000000e+00	
19	1.340000e-08	0.000000e+00	0.000000e+00	0.000000e+00	
20	1.341000e-08	0.000000e+00	0.000000e+00	0.000000e+00	
21	1.343000e-08	0.000000e+00	0.000000e+00	0.000000e+00	
22	1.347000e-08	0.000000e+00	0.000000e+00	0.000000e+00	
23	1.350000e-08	0.000000e+00	0.000000e+00	0.000000e+00	
24	1.350800e-08	0.000000e+00	0.000000e+00	0.000000e+00	
25	1.352400e-08	0.000000e+00	0.000000e+00	0.000000e+00	
26	1.355600e-08	0.000000e+00	0.000000e+00	0.000000e+00	
27	1.362000e-08	0.000000e+00	0.000000e+00	0.000000e+00	
28	1.374800e-08	0.000000e+00	0.000000e+00	0.000000e+00	
29	1.400400e-08	0.000000e+00	0.000000e+00	0.000000e+00	
30	1.451600e-08	0.000000e+00	0.000000e+00	0.000000e+00	
31	1.500000e-08	0.000000e+00	0.000000e+00	0.000000e+00	
32	1.501000e-08	0.000000e+00	0.000000e+00	0.000000e+00	
33	1.503000e-08	0.000000e+00	0.000000e+00	0.000000e+00	
34	1.507000e-08	0.000000e+00	0.000000e+00	0.000000e+00	
35	1.510000e-08	0.000000e+00	0.000000e+00	0.000000e+00	
36	1.510800e-08	0.000000e+00	0.000000e+00	0.000000e+00	
37	1.512400e-08	0.000000e+00	0.000000e+00	0.000000e+00	
38	1.515600e-08	0.000000e+00	0.000000e+00	0.000000e+00	
39	1.522000e-08	0.000000e+00	0.000000e+00	0.000000e+00	
40	1.534800e-08	0.000000e+00	0.000000e+00	0.000000e+00	
41	1.560400e-08	0.000000e+00	0.000000e+00	0.000000e+00	
42	1.611600e-08	0.000000e+00	0.000000e+00	0.000000e+00	
43	1.700000e-08	0.000000e+00	0.000000e+00	0.000000e+00	
44	1.709000e-08	0.000000e+00	0.000000e+00	0.000000e+00	
45	1.727000e-08	0.000000e+00	0.000000e+00	0.000000e+00	
46	1.763000e-08	0.000000e+00	0.000000e+00	0.000000e+00	
47	1.790000e-08	0.000000e+00	0.000000e+00	0.000000e+00	
48	1.797200e-08	0.000000e+00	0.000000e+00	0.000000e+00	
49	1.811600e-08	0.000000e+00	0.000000e+00	0.000000e+00	
50	1.840400e-08	0.000000e+00	0.000000e+00	0.000000e+00	
51	1.898000e-08	0.000000e+00	0.000000e+00	0.000000e+00	
52	2.013200e-08	0.000000e+00	0.000000e+00	0.000000e+00	
53	2.243600e-08	0.000000e+00	0.000000e+00	0.000000e+00	
54	2.704400e-08	0.000000e+00	0.000000e+00	0.000000e+00	

Index   time            a4#branch_1_0   a7#branch_1_0   a13#branch_1_0  
--------------------------------------------------------------------------------
55	3.626000e-08	0.000000e+00	0.000000e+00	0.000000e+00	
56	5.469200e-08	0.000000e+00	0.000000e+00	0.000000e+00	
57	9.155600e-08	0.000000e+00	0.000000e+00	0.000000e+00	
58	1.652840e-07	0.000000e+00	0.000000e+00	0.000000e+00	
59	3.127400e-07	0.000000e+00	0.000000e+00	0.000000e+00	
60	6.076520e-07	0.000000e+00	0.000000e+00	0.000000e+00	
61	1.197476e-06	0.000000e+00	0.000000e+00	0.000000e+00	
62	2.377124e-06	0.000000e+00	0.000000e+00	0.000000e+00	
63	4.736420e-06	0.000000e+00	0.000000e+00	0.000000e+00	
64	9.455012e-06	0.000000e+00	0.000000e+00	0.000000e+00	
65	1.889220e-05	0.000000e+00	0.000000e+00	0.000000e+00	
66	2.889220e-05	0.000000e+00	0.000000e+00	0.000000e+00	
67	3.889220e-05	0.000000e+00	0.000000e+00	0.000000e+00	
68	4.889220e-05	0.000000e+00	0.000000e+00	0.000000e+00	
69	5.889220e-05	0.000000e+00	0.000000e+00	0.000000e+00	
70	6.889220e-05	0.000000e+00	0.000000e+00	0.000000e+00	
71	7.889220e-05	0.000000e+00	0.000000e+00	0.000000e+00	
72	8.889220e-05	0.000000e+00	0.000000e+00	0.000000e+00	
73	9.889220e-05	0.000000e+00	0.000000e+00	0.000000e+00	
74	1.088922e-04	0.000000e+00	0.000000e+00	0.000000e+00	
75	1.188922e-04	0.000000e+00	0.000000e+00	0.000000e+00	
76	1.288922e-04	0.000000e+00	0.000000e+00	0.000000e+00	
77	1.388922e-04	0.000000e+00	0.000000e+00	0.000000e+00	
78	1.488922e-04	0.000000e+00	0.000000e+00	0.000000e+00	
79	1.588922e-04	0.000000e+00	0.000000e+00	0.000000e+00	
80	1.688922e-04	0.000000e+00	0.000000e+00	0.000000e+00	
81	1.788922e-04	0.000000e+00	0.000000e+00	0.000000e+00	
82	1.888922e-04	0.000000e+00	0.000000e+00	0.000000e+00	
83	1.988922e-04	0.000000e+00	0.000000e+00	0.000000e+00	
84	2.088922e-04	0.000000e+00	0.000000e+00	0.000000e+00	
85	2.188922e-04	0.000000e+00	0.000000e+00	0.000000e+00	
86	2.288922e-04	0.000000e+00	0.000000e+00	0.000000e+00	
87	2.388922e-04	0.000000e+00	0.000000e+00	0.000000e+00	
88	2.488922e-04	0.000000e+00	0.000000e+00	0.000000e+00	
89	2.588922e-04	0.000000e+00	0.000000e+00	0.000000e+00	
90	2.688922e-04	0.000000e+00	0.000000e+00	0.000000e+00	
91	2.788922e-04	0.000000e+00	0.000000e+00	0.000000e+00	
92	2.888922e-04	0.000000e+00	0.000000e+00	0.000000e+00	
93	2.988922e-04	0.000000e+00	0.000000e+00	0.000000e+00	
94	3.088922e-04	0.000000e+00	0.000000e+00	0.000000e+00	
95	3.188922e-04	0.000000e+00	0.000000e+00	0.000000e+00	
96	3.288922e-04	0.000000e+00	0.000000e+00	0.000000e+00	
97	3.388922e-04	0.000000e+00	0.000000e+00	0.000000e+00	
98	3.488922e-04	0.000000e+00	0.000000e+00	0.000000e+00	
99	3.588922e-04	0.000000e+00	0.000000e+00	0.000000e+00	
100	3.688922e-04	0.000000e+00	0.000000e+00	0.000000e+00	
101	3.788922e-04	0.000000e+00	0.000000e+00	0.000000e+00	
102	3.888922e-04	0.000000e+00	0.000000e+00	0.000000e+00	
103	3.988922e-04	0.000000e+00	0.000000e+00	0.000000e+00	
104	4.088922e-04	0.000000e+00	0.000000e+00	0.000000e+00	
105	4.188922e-04	0.000000e+00	0.000000e+00	0.000000e+00	
106	4.288922e-04	0.000000e+00	0.000000e+00	0.000000e+00	
107	4.388922e-04	0.000000e+00	0.000000e+00	0.000000e+00	
108	4.488922e-04	0.000000e+00	0.000000e+00	0.000000e+00	
109	4.588922e-04	0.000000e+00	0.000000e+00	0.000000e+00	
110	4.688922e-04	0.000000e+00	0.000000e+00	0.000000e+00	
111	4.788922e-04	0.000000e+00	0.000000e+00	0.000000e+00	
112	4.888922e-04	0.000000e+00	0.000000e+00	0.000000e+00	

Index   time            a4#branch_1_0   a7#branch_1_0   a13#branch_1_0  
--------------------------------------------------------------------------------
113	4.988922e-04	0.000000e+00	0.000000e+00	0.000000e+00	
114	5.088922e-04	0.000000e+00	0.000000e+00	0.000000e+00	
115	5.188922e-04	0.000000e+00	0.000000e+00	0.000000e+00	
116	5.288922e-04	0.000000e+00	0.000000e+00	0.000000e+00	
117	5.388922e-04	0.000000e+00	0.000000e+00	0.000000e+00	
118	5.488922e-04	0.000000e+00	0.000000e+00	0.000000e+00	
119	5.588922e-04	0.000000e+00	0.000000e+00	0.000000e+00	
120	5.688922e-04	0.000000e+00	0.000000e+00	0.000000e+00	
121	5.788922e-04	0.000000e+00	0.000000e+00	0.000000e+00	
122	5.888922e-04	0.000000e+00	0.000000e+00	0.000000e+00	
123	5.988922e-04	0.000000e+00	0.000000e+00	0.000000e+00	
124	6.088922e-04	0.000000e+00	0.000000e+00	0.000000e+00	
125	6.188922e-04	0.000000e+00	0.000000e+00	0.000000e+00	
126	6.288922e-04	0.000000e+00	0.000000e+00	0.000000e+00	
127	6.388922e-04	0.000000e+00	0.000000e+00	0.000000e+00	
128	6.488922e-04	0.000000e+00	0.000000e+00	0.000000e+00	
129	6.588922e-04	0.000000e+00	0.000000e+00	0.000000e+00	
130	6.688922e-04	0.000000e+00	0.000000e+00	0.000000e+00	
131	6.788922e-04	0.000000e+00	0.000000e+00	0.000000e+00	
132	6.888922e-04	0.000000e+00	0.000000e+00	0.000000e+00	
133	6.988922e-04	0.000000e+00	0.000000e+00	0.000000e+00	
134	7.088922e-04	0.000000e+00	0.000000e+00	0.000000e+00	
135	7.188922e-04	0.000000e+00	0.000000e+00	0.000000e+00	
136	7.288922e-04	0.000000e+00	0.000000e+00	0.000000e+00	
137	7.388922e-04	0.000000e+00	0.000000e+00	0.000000e+00	
138	7.488922e-04	0.000000e+00	0.000000e+00	0.000000e+00	
139	7.588922e-04	0.000000e+00	0.000000e+00	0.000000e+00	
140	7.688922e-04	0.000000e+00	0.000000e+00	0.000000e+00	
141	7.788922e-04	0.000000e+00	0.000000e+00	0.000000e+00	
142	7.888922e-04	0.000000e+00	0.000000e+00	0.000000e+00	
143	7.988922e-04	0.000000e+00	0.000000e+00	0.000000e+00	
144	8.088922e-04	0.000000e+00	0.000000e+00	0.000000e+00	
145	8.188922e-04	0.000000e+00	0.000000e+00	0.000000e+00	
146	8.288922e-04	0.000000e+00	0.000000e+00	0.000000e+00	
147	8.388922e-04	0.000000e+00	0.000000e+00	0.000000e+00	
148	8.488922e-04	0.000000e+00	0.000000e+00	0.000000e+00	
149	8.588922e-04	0.000000e+00	0.000000e+00	0.000000e+00	
150	8.688922e-04	0.000000e+00	0.000000e+00	0.000000e+00	
151	8.788922e-04	0.000000e+00	0.000000e+00	0.000000e+00	
152	8.888922e-04	0.000000e+00	0.000000e+00	0.000000e+00	
153	8.988922e-04	0.000000e+00	0.000000e+00	0.000000e+00	
154	9.088922e-04	0.000000e+00	0.000000e+00	0.000000e+00	
155	9.188922e-04	0.000000e+00	0.000000e+00	0.000000e+00	
156	9.288922e-04	0.000000e+00	0.000000e+00	0.000000e+00	
157	9.388922e-04	0.000000e+00	0.000000e+00	0.000000e+00	
158	9.488922e-04	0.000000e+00	0.000000e+00	0.000000e+00	
159	9.588922e-04	0.000000e+00	0.000000e+00	0.000000e+00	
160	9.688922e-04	0.000000e+00	0.000000e+00	0.000000e+00	
161	9.788922e-04	0.000000e+00	0.000000e+00	0.000000e+00	
162	9.888922e-04	0.000000e+00	0.000000e+00	0.000000e+00	
163	9.988922e-04	0.000000e+00	0.000000e+00	0.000000e+00	
164	1.000010e-03	0.000000e+00	0.000000e+00	0.000000e+00	
165	1.000011e-03	0.000000e+00	0.000000e+00	0.000000e+00	
166	1.000013e-03	0.000000e+00	0.000000e+00	0.000000e+00	
167	1.000017e-03	0.000000e+00	0.000000e+00	0.000000e+00	
168	1.000018e-03	0.000000e+00	0.000000e+00	0.000000e+00	
169	1.000018e-03	0.000000e+00	0.000000e+00	0.000000e+00	
170	1.000018e-03	0.000000e+00	0.000000e+00	0.000000e+00	

Index   time            a4#branch_1_0   a7#branch_1_0   a13#branch_1_0  
--------------------------------------------------------------------------------
171	1.000018e-03	0.000000e+00	0.000000e+00	0.000000e+00	
172	1.000018e-03	0.000000e+00	0.000000e+00	0.000000e+00	
173	1.000018e-03	0.000000e+00	0.000000e+00	0.000000e+00	
174	1.000018e-03	0.000000e+00	0.000000e+00	0.000000e+00	
175	1.000018e-03	0.000000e+00	0.000000e+00	0.000000e+00	
176	1.000018e-03	0.000000e+00	0.000000e+00	0.000000e+00	
177	1.000018e-03	0.000000e+00	0.000000e+00	0.000000e+00	
178	1.000019e-03	0.000000e+00	0.000000e+00	0.000000e+00	
179	1.000019e-03	0.000000e+00	0.000000e+00	0.000000e+00	
180	1.000020e-03	0.000000e+00	0.000000e+00	0.000000e+00	
181	1.000020e-03	0.000000e+00	0.000000e+00	0.000000e+00	
182	1.000020e-03	0.000000e+00	0.000000e+00	0.000000e+00	
183	1.000021e-03	0.000000e+00	0.000000e+00	0.000000e+00	
184	1.000021e-03	0.000000e+00	0.000000e+00	0.000000e+00	
185	1.000021e-03	0.000000e+00	0.000000e+00	0.000000e+00	
186	1.000021e-03	0.000000e+00	0.000000e+00	0.000000e+00	
187	1.000021e-03	0.000000e+00	0.000000e+00	0.000000e+00	
188	1.000022e-03	0.000000e+00	0.000000e+00	0.000000e+00	
189	1.000022e-03	0.000000e+00	0.000000e+00	0.000000e+00	
190	1.000022e-03	0.000000e+00	0.000000e+00	0.000000e+00	
191	1.000022e-03	0.000000e+00	0.000000e+00	0.000000e+00	
192	1.000023e-03	0.000000e+00	0.000000e+00	0.000000e+00	
193	1.000023e-03	0.000000e+00	0.000000e+00	0.000000e+00	
194	1.000023e-03	0.000000e+00	0.000000e+00	0.000000e+00	
195	1.000023e-03	0.000000e+00	0.000000e+00	0.000000e+00	
196	1.000023e-03	0.000000e+00	0.000000e+00	0.000000e+00	
197	1.000024e-03	0.000000e+00	0.000000e+00	0.000000e+00	
198	1.000024e-03	0.000000e+00	0.000000e+00	0.000000e+00	
199	1.000024e-03	0.000000e+00	0.000000e+00	0.000000e+00	
200	1.000024e-03	0.000000e+00	0.000000e+00	0.000000e+00	
201	1.000024e-03	0.000000e+00	0.000000e+00	0.000000e+00	
202	1.000024e-03	0.000000e+00	0.000000e+00	0.000000e+00	
203	1.000024e-03	0.000000e+00	0.000000e+00	0.000000e+00	
204	1.000024e-03	0.000000e+00	0.000000e+00	0.000000e+00	
205	1.000024e-03	0.000000e+00	0.000000e+00	0.000000e+00	
206	1.000024e-03	0.000000e+00	0.000000e+00	0.000000e+00	
207	1.000024e-03	0.000000e+00	0.000000e+00	0.000000e+00	
208	1.000025e-03	0.000000e+00	0.000000e+00	0.000000e+00	
209	1.000025e-03	0.000000e+00	0.000000e+00	0.000000e+00	
210	1.000026e-03	0.000000e+00	0.000000e+00	0.000000e+00	
211	1.000028e-03	0.000000e+00	0.000000e+00	0.000000e+00	
212	1.000032e-03	0.000000e+00	0.000000e+00	0.000000e+00	
213	1.000040e-03	0.000000e+00	0.000000e+00	0.000000e+00	
214	1.000057e-03	0.000000e+00	0.000000e+00	0.000000e+00	
215	1.000090e-03	0.000000e+00	0.000000e+00	0.000000e+00	
216	1.000155e-03	0.000000e+00	0.000000e+00	0.000000e+00	
217	1.000286e-03	0.000000e+00	0.000000e+00	0.000000e+00	
218	1.000548e-03	0.000000e+00	0.000000e+00	0.000000e+00	
219	1.001073e-03	0.000000e+00	0.000000e+00	0.000000e+00	
220	1.002121e-03	0.000000e+00	0.000000e+00	0.000000e+00	
221	1.004218e-03	0.000000e+00	0.000000e+00	0.000000e+00	
222	1.008413e-03	0.000000e+00	0.000000e+00	0.000000e+00	
223	1.016801e-03	0.000000e+00	0.000000e+00	0.000000e+00	
224	1.026801e-03	0.000000e+00	0.000000e+00	0.000000e+00	
225	1.036801e-03	0.000000e+00	0.000000e+00	0.000000e+00	
226	1.046801e-03	0.000000e+00	0.000000e+00	0.000000e+00	
227	1.056801e-03	0.000000e+00	0.000000e+00	0.000000e+00	
228	1.066801e-03	0.000000e+00	0.000000e+00	0.000000e+00	

Index   time            a4#branch_1_0   a7#branch_1_0   a13#branch_1_0  
--------------------------------------------------------------------------------
229	1.076801e-03	0.000000e+00	0.000000e+00	0.000000e+00	
230	1.086801e-03	0.000000e+00	0.000000e+00	0.000000e+00	
231	1.096801e-03	0.000000e+00	0.000000e+00	0.000000e+00	
232	1.106801e-03	0.000000e+00	0.000000e+00	0.000000e+00	
233	1.116801e-03	0.000000e+00	0.000000e+00	0.000000e+00	
234	1.126801e-03	0.000000e+00	0.000000e+00	0.000000e+00	
235	1.136801e-03	0.000000e+00	0.000000e+00	0.000000e+00	
236	1.146801e-03	0.000000e+00	0.000000e+00	0.000000e+00	
237	1.156801e-03	0.000000e+00	0.000000e+00	0.000000e+00	
238	1.166801e-03	0.000000e+00	0.000000e+00	0.000000e+00	
239	1.176801e-03	0.000000e+00	0.000000e+00	0.000000e+00	
240	1.186801e-03	0.000000e+00	0.000000e+00	0.000000e+00	
241	1.196801e-03	0.000000e+00	0.000000e+00	0.000000e+00	
242	1.206801e-03	0.000000e+00	0.000000e+00	0.000000e+00	
243	1.216801e-03	0.000000e+00	0.000000e+00	0.000000e+00	
244	1.226801e-03	0.000000e+00	0.000000e+00	0.000000e+00	
245	1.236801e-03	0.000000e+00	0.000000e+00	0.000000e+00	
246	1.246801e-03	0.000000e+00	0.000000e+00	0.000000e+00	
247	1.256801e-03	0.000000e+00	0.000000e+00	0.000000e+00	
248	1.266801e-03	0.000000e+00	0.000000e+00	0.000000e+00	
249	1.276801e-03	0.000000e+00	0.000000e+00	0.000000e+00	
250	1.286801e-03	0.000000e+00	0.000000e+00	0.000000e+00	
251	1.296801e-03	0.000000e+00	0.000000e+00	0.000000e+00	
252	1.306801e-03	0.000000e+00	0.000000e+00	0.000000e+00	
253	1.316801e-03	0.000000e+00	0.000000e+00	0.000000e+00	
254	1.326801e-03	0.000000e+00	0.000000e+00	0.000000e+00	
255	1.336801e-03	0.000000e+00	0.000000e+00	0.000000e+00	
256	1.346801e-03	0.000000e+00	0.000000e+00	0.000000e+00	
257	1.356801e-03	0.000000e+00	0.000000e+00	0.000000e+00	
258	1.366801e-03	0.000000e+00	0.000000e+00	0.000000e+00	
259	1.376801e-03	0.000000e+00	0.000000e+00	0.000000e+00	
260	1.386801e-03	0.000000e+00	0.000000e+00	0.000000e+00	
261	1.396801e-03	0.000000e+00	0.000000e+00	0.000000e+00	
262	1.406801e-03	0.000000e+00	0.000000e+00	0.000000e+00	
263	1.416801e-03	0.000000e+00	0.000000e+00	0.000000e+00	
264	1.426801e-03	0.000000e+00	0.000000e+00	0.000000e+00	
265	1.436801e-03	0.000000e+00	0.000000e+00	0.000000e+00	
266	1.446801e-03	0.000000e+00	0.000000e+00	0.000000e+00	
267	1.456801e-03	0.000000e+00	0.000000e+00	0.000000e+00	
268	1.466801e-03	0.000000e+00	0.000000e+00	0.000000e+00	
269	1.476801e-03	0.000000e+00	0.000000e+00	0.000000e+00	
270	1.486801e-03	0.000000e+00	0.000000e+00	0.000000e+00	
271	1.496801e-03	0.000000e+00	0.000000e+00	0.000000e+00	
272	1.506801e-03	0.000000e+00	0.000000e+00	0.000000e+00	
273	1.516801e-03	0.000000e+00	0.000000e+00	0.000000e+00	
274	1.526801e-03	0.000000e+00	0.000000e+00	0.000000e+00	
275	1.536801e-03	0.000000e+00	0.000000e+00	0.000000e+00	
276	1.546801e-03	0.000000e+00	0.000000e+00	0.000000e+00	
277	1.556801e-03	0.000000e+00	0.000000e+00	0.000000e+00	
278	1.566801e-03	0.000000e+00	0.000000e+00	0.000000e+00	
279	1.576801e-03	0.000000e+00	0.000000e+00	0.000000e+00	
280	1.586801e-03	0.000000e+00	0.000000e+00	0.000000e+00	
281	1.596801e-03	0.000000e+00	0.000000e+00	0.000000e+00	
282	1.606801e-03	0.000000e+00	0.000000e+00	0.000000e+00	
283	1.616801e-03	0.000000e+00	0.000000e+00	0.000000e+00	
284	1.626801e-03	0.000000e+00	0.000000e+00	0.000000e+00	
285	1.636801e-03	0.000000e+00	0.000000e+00	0.000000e+00	
286	1.646801e-03	0.000000e+00	0.000000e+00	0.000000e+00	

Index   time            a4#branch_1_0   a7#branch_1_0   a13#branch_1_0  
--------------------------------------------------------------------------------
287	1.656801e-03	0.000000e+00	0.000000e+00	0.000000e+00	
288	1.666801e-03	0.000000e+00	0.000000e+00	0.000000e+00	
289	1.676801e-03	0.000000e+00	0.000000e+00	0.000000e+00	
290	1.686801e-03	0.000000e+00	0.000000e+00	0.000000e+00	
291	1.696801e-03	0.000000e+00	0.000000e+00	0.000000e+00	
292	1.706801e-03	0.000000e+00	0.000000e+00	0.000000e+00	
293	1.716801e-03	0.000000e+00	0.000000e+00	0.000000e+00	
294	1.726801e-03	0.000000e+00	0.000000e+00	0.000000e+00	
295	1.736801e-03	0.000000e+00	0.000000e+00	0.000000e+00	
296	1.746801e-03	0.000000e+00	0.000000e+00	0.000000e+00	
297	1.756801e-03	0.000000e+00	0.000000e+00	0.000000e+00	
298	1.766801e-03	0.000000e+00	0.000000e+00	0.000000e+00	
299	1.776801e-03	0.000000e+00	0.000000e+00	0.000000e+00	
300	1.786801e-03	0.000000e+00	0.000000e+00	0.000000e+00	
301	1.796801e-03	0.000000e+00	0.000000e+00	0.000000e+00	
302	1.806801e-03	0.000000e+00	0.000000e+00	0.000000e+00	
303	1.816801e-03	0.000000e+00	0.000000e+00	0.000000e+00	
304	1.826801e-03	0.000000e+00	0.000000e+00	0.000000e+00	
305	1.836801e-03	0.000000e+00	0.000000e+00	0.000000e+00	
306	1.846801e-03	0.000000e+00	0.000000e+00	0.000000e+00	
307	1.856801e-03	0.000000e+00	0.000000e+00	0.000000e+00	
308	1.866801e-03	0.000000e+00	0.000000e+00	0.000000e+00	
309	1.876801e-03	0.000000e+00	0.000000e+00	0.000000e+00	
310	1.886801e-03	0.000000e+00	0.000000e+00	0.000000e+00	
311	1.896801e-03	0.000000e+00	0.000000e+00	0.000000e+00	
312	1.906801e-03	0.000000e+00	0.000000e+00	0.000000e+00	
313	1.916801e-03	0.000000e+00	0.000000e+00	0.000000e+00	
314	1.926801e-03	0.000000e+00	0.000000e+00	0.000000e+00	
315	1.936801e-03	0.000000e+00	0.000000e+00	0.000000e+00	
316	1.946801e-03	0.000000e+00	0.000000e+00	0.000000e+00	
317	1.956801e-03	0.000000e+00	0.000000e+00	0.000000e+00	
318	1.966801e-03	0.000000e+00	0.000000e+00	0.000000e+00	
319	1.976801e-03	0.000000e+00	0.000000e+00	0.000000e+00	
320	1.986801e-03	0.000000e+00	0.000000e+00	0.000000e+00	
321	1.996801e-03	0.000000e+00	0.000000e+00	0.000000e+00	
322	2.000000e-03	0.000000e+00	0.000000e+00	0.000000e+00	

                                kicad schematic
                                Transient Analysis  Sun Nov 09 01:09:35  2025
--------------------------------------------------------------------------------
Index   time            a14#branch_1_0  a15#branch_1_0  a16#branch_1_0  
--------------------------------------------------------------------------------
0	0.000000e+00	0.000000e+00	0.000000e+00	0.000000e+00	
1	1.000000e-10	0.000000e+00	0.000000e+00	0.000000e+00	
2	2.000000e-10	0.000000e+00	0.000000e+00	0.000000e+00	
3	4.000000e-10	0.000000e+00	0.000000e+00	0.000000e+00	
4	8.000000e-10	0.000000e+00	0.000000e+00	0.000000e+00	
5	1.600000e-09	0.000000e+00	0.000000e+00	0.000000e+00	
6	3.200000e-09	0.000000e+00	0.000000e+00	0.000000e+00	
7	6.400000e-09	0.000000e+00	0.000000e+00	0.000000e+00	
8	1.000000e-08	0.000000e+00	0.000000e+00	0.000000e+00	
9	1.064000e-08	0.000000e+00	0.000000e+00	0.000000e+00	
10	1.140000e-08	0.000000e+00	0.000000e+00	0.000000e+00	
11	1.149000e-08	0.000000e+00	0.000000e+00	0.000000e+00	
12	1.167000e-08	0.000000e+00	0.000000e+00	0.000000e+00	
13	1.203000e-08	0.000000e+00	0.000000e+00	0.000000e+00	
14	1.230000e-08	0.000000e+00	0.000000e+00	0.000000e+00	
15	1.237200e-08	0.000000e+00	0.000000e+00	0.000000e+00	
16	1.251600e-08	0.000000e+00	0.000000e+00	0.000000e+00	
17	1.280400e-08	0.000000e+00	0.000000e+00	0.000000e+00	
18	1.338000e-08	0.000000e+00	0.000000e+00	0.000000e+00	
19	1.340000e-08	0.000000e+00	0.000000e+00	0.000000e+00	
20	1.341000e-08	0.000000e+00	0.000000e+00	0.000000e+00	
21	1.343000e-08	0.000000e+00	0.000000e+00	0.000000e+00	
22	1.347000e-08	0.000000e+00	0.000000e+00	0.000000e+00	
23	1.350000e-08	0.000000e+00	0.000000e+00	0.000000e+00	
24	1.350800e-08	0.000000e+00	0.000000e+00	0.000000e+00	
25	1.352400e-08	0.000000e+00	0.000000e+00	0.000000e+00	
26	1.355600e-08	0.000000e+00	0.000000e+00	0.000000e+00	
27	1.362000e-08	0.000000e+00	0.000000e+00	0.000000e+00	
28	1.374800e-08	0.000000e+00	0.000000e+00	0.000000e+00	
29	1.400400e-08	0.000000e+00	0.000000e+00	0.000000e+00	
30	1.451600e-08	0.000000e+00	0.000000e+00	0.000000e+00	
31	1.500000e-08	0.000000e+00	0.000000e+00	0.000000e+00	
32	1.501000e-08	0.000000e+00	0.000000e+00	0.000000e+00	
33	1.503000e-08	0.000000e+00	0.000000e+00	0.000000e+00	
34	1.507000e-08	0.000000e+00	0.000000e+00	0.000000e+00	
35	1.510000e-08	0.000000e+00	0.000000e+00	0.000000e+00	
36	1.510800e-08	0.000000e+00	0.000000e+00	0.000000e+00	
37	1.512400e-08	0.000000e+00	0.000000e+00	0.000000e+00	
38	1.515600e-08	0.000000e+00	0.000000e+00	0.000000e+00	
39	1.522000e-08	0.000000e+00	0.000000e+00	0.000000e+00	
40	1.534800e-08	0.000000e+00	0.000000e+00	0.000000e+00	
41	1.560400e-08	0.000000e+00	0.000000e+00	0.000000e+00	
42	1.611600e-08	0.000000e+00	0.000000e+00	0.000000e+00	
43	1.700000e-08	0.000000e+00	0.000000e+00	0.000000e+00	
44	1.709000e-08	0.000000e+00	0.000000e+00	0.000000e+00	
45	1.727000e-08	0.000000e+00	0.000000e+00	0.000000e+00	
46	1.763000e-08	0.000000e+00	0.000000e+00	0.000000e+00	
47	1.790000e-08	0.000000e+00	0.000000e+00	0.000000e+00	
48	1.797200e-08	0.000000e+00	0.000000e+00	0.000000e+00	
49	1.811600e-08	0.000000e+00	0.000000e+00	0.000000e+00	
50	1.840400e-08	0.000000e+00	0.000000e+00	0.000000e+00	
51	1.898000e-08	0.000000e+00	0.000000e+00	0.000000e+00	
52	2.013200e-08	0.000000e+00	0.000000e+00	0.000000e+00	
53	2.243600e-08	0.000000e+00	0.000000e+00	0.000000e+00	
54	2.704400e-08	0.000000e+00	0.000000e+00	0.000000e+00	

Index   time            a14#branch_1_0  a15#branch_1_0  a16#branch_1_0  
--------------------------------------------------------------------------------
55	3.626000e-08	0.000000e+00	0.000000e+00	0.000000e+00	
56	5.469200e-08	0.000000e+00	0.000000e+00	0.000000e+00	
57	9.155600e-08	0.000000e+00	0.000000e+00	0.000000e+00	
58	1.652840e-07	0.000000e+00	0.000000e+00	0.000000e+00	
59	3.127400e-07	0.000000e+00	0.000000e+00	0.000000e+00	
60	6.076520e-07	0.000000e+00	0.000000e+00	0.000000e+00	
61	1.197476e-06	0.000000e+00	0.000000e+00	0.000000e+00	
62	2.377124e-06	0.000000e+00	0.000000e+00	0.000000e+00	
63	4.736420e-06	0.000000e+00	0.000000e+00	0.000000e+00	
64	9.455012e-06	0.000000e+00	0.000000e+00	0.000000e+00	
65	1.889220e-05	0.000000e+00	0.000000e+00	0.000000e+00	
66	2.889220e-05	0.000000e+00	0.000000e+00	0.000000e+00	
67	3.889220e-05	0.000000e+00	0.000000e+00	0.000000e+00	
68	4.889220e-05	0.000000e+00	0.000000e+00	0.000000e+00	
69	5.889220e-05	0.000000e+00	0.000000e+00	0.000000e+00	
70	6.889220e-05	0.000000e+00	0.000000e+00	0.000000e+00	
71	7.889220e-05	0.000000e+00	0.000000e+00	0.000000e+00	
72	8.889220e-05	0.000000e+00	0.000000e+00	0.000000e+00	
73	9.889220e-05	0.000000e+00	0.000000e+00	0.000000e+00	
74	1.088922e-04	0.000000e+00	0.000000e+00	0.000000e+00	
75	1.188922e-04	0.000000e+00	0.000000e+00	0.000000e+00	
76	1.288922e-04	0.000000e+00	0.000000e+00	0.000000e+00	
77	1.388922e-04	0.000000e+00	0.000000e+00	0.000000e+00	
78	1.488922e-04	0.000000e+00	0.000000e+00	0.000000e+00	
79	1.588922e-04	0.000000e+00	0.000000e+00	0.000000e+00	
80	1.688922e-04	0.000000e+00	0.000000e+00	0.000000e+00	
81	1.788922e-04	0.000000e+00	0.000000e+00	0.000000e+00	
82	1.888922e-04	0.000000e+00	0.000000e+00	0.000000e+00	
83	1.988922e-04	0.000000e+00	0.000000e+00	0.000000e+00	
84	2.088922e-04	0.000000e+00	0.000000e+00	0.000000e+00	
85	2.188922e-04	0.000000e+00	0.000000e+00	0.000000e+00	
86	2.288922e-04	0.000000e+00	0.000000e+00	0.000000e+00	
87	2.388922e-04	0.000000e+00	0.000000e+00	0.000000e+00	
88	2.488922e-04	0.000000e+00	0.000000e+00	0.000000e+00	
89	2.588922e-04	0.000000e+00	0.000000e+00	0.000000e+00	
90	2.688922e-04	0.000000e+00	0.000000e+00	0.000000e+00	
91	2.788922e-04	0.000000e+00	0.000000e+00	0.000000e+00	
92	2.888922e-04	0.000000e+00	0.000000e+00	0.000000e+00	
93	2.988922e-04	0.000000e+00	0.000000e+00	0.000000e+00	
94	3.088922e-04	0.000000e+00	0.000000e+00	0.000000e+00	
95	3.188922e-04	0.000000e+00	0.000000e+00	0.000000e+00	
96	3.288922e-04	0.000000e+00	0.000000e+00	0.000000e+00	
97	3.388922e-04	0.000000e+00	0.000000e+00	0.000000e+00	
98	3.488922e-04	0.000000e+00	0.000000e+00	0.000000e+00	
99	3.588922e-04	0.000000e+00	0.000000e+00	0.000000e+00	
100	3.688922e-04	0.000000e+00	0.000000e+00	0.000000e+00	
101	3.788922e-04	0.000000e+00	0.000000e+00	0.000000e+00	
102	3.888922e-04	0.000000e+00	0.000000e+00	0.000000e+00	
103	3.988922e-04	0.000000e+00	0.000000e+00	0.000000e+00	
104	4.088922e-04	0.000000e+00	0.000000e+00	0.000000e+00	
105	4.188922e-04	0.000000e+00	0.000000e+00	0.000000e+00	
106	4.288922e-04	0.000000e+00	0.000000e+00	0.000000e+00	
107	4.388922e-04	0.000000e+00	0.000000e+00	0.000000e+00	
108	4.488922e-04	0.000000e+00	0.000000e+00	0.000000e+00	
109	4.588922e-04	0.000000e+00	0.000000e+00	0.000000e+00	
110	4.688922e-04	0.000000e+00	0.000000e+00	0.000000e+00	
111	4.788922e-04	0.000000e+00	0.000000e+00	0.000000e+00	
112	4.888922e-04	0.000000e+00	0.000000e+00	0.000000e+00	

Index   time            a14#branch_1_0  a15#branch_1_0  a16#branch_1_0  
--------------------------------------------------------------------------------
113	4.988922e-04	0.000000e+00	0.000000e+00	0.000000e+00	
114	5.088922e-04	0.000000e+00	0.000000e+00	0.000000e+00	
115	5.188922e-04	0.000000e+00	0.000000e+00	0.000000e+00	
116	5.288922e-04	0.000000e+00	0.000000e+00	0.000000e+00	
117	5.388922e-04	0.000000e+00	0.000000e+00	0.000000e+00	
118	5.488922e-04	0.000000e+00	0.000000e+00	0.000000e+00	
119	5.588922e-04	0.000000e+00	0.000000e+00	0.000000e+00	
120	5.688922e-04	0.000000e+00	0.000000e+00	0.000000e+00	
121	5.788922e-04	0.000000e+00	0.000000e+00	0.000000e+00	
122	5.888922e-04	0.000000e+00	0.000000e+00	0.000000e+00	
123	5.988922e-04	0.000000e+00	0.000000e+00	0.000000e+00	
124	6.088922e-04	0.000000e+00	0.000000e+00	0.000000e+00	
125	6.188922e-04	0.000000e+00	0.000000e+00	0.000000e+00	
126	6.288922e-04	0.000000e+00	0.000000e+00	0.000000e+00	
127	6.388922e-04	0.000000e+00	0.000000e+00	0.000000e+00	
128	6.488922e-04	0.000000e+00	0.000000e+00	0.000000e+00	
129	6.588922e-04	0.000000e+00	0.000000e+00	0.000000e+00	
130	6.688922e-04	0.000000e+00	0.000000e+00	0.000000e+00	
131	6.788922e-04	0.000000e+00	0.000000e+00	0.000000e+00	
132	6.888922e-04	0.000000e+00	0.000000e+00	0.000000e+00	
133	6.988922e-04	0.000000e+00	0.000000e+00	0.000000e+00	
134	7.088922e-04	0.000000e+00	0.000000e+00	0.000000e+00	
135	7.188922e-04	0.000000e+00	0.000000e+00	0.000000e+00	
136	7.288922e-04	0.000000e+00	0.000000e+00	0.000000e+00	
137	7.388922e-04	0.000000e+00	0.000000e+00	0.000000e+00	
138	7.488922e-04	0.000000e+00	0.000000e+00	0.000000e+00	
139	7.588922e-04	0.000000e+00	0.000000e+00	0.000000e+00	
140	7.688922e-04	0.000000e+00	0.000000e+00	0.000000e+00	
141	7.788922e-04	0.000000e+00	0.000000e+00	0.000000e+00	
142	7.888922e-04	0.000000e+00	0.000000e+00	0.000000e+00	
143	7.988922e-04	0.000000e+00	0.000000e+00	0.000000e+00	
144	8.088922e-04	0.000000e+00	0.000000e+00	0.000000e+00	
145	8.188922e-04	0.000000e+00	0.000000e+00	0.000000e+00	
146	8.288922e-04	0.000000e+00	0.000000e+00	0.000000e+00	
147	8.388922e-04	0.000000e+00	0.000000e+00	0.000000e+00	
148	8.488922e-04	0.000000e+00	0.000000e+00	0.000000e+00	
149	8.588922e-04	0.000000e+00	0.000000e+00	0.000000e+00	
150	8.688922e-04	0.000000e+00	0.000000e+00	0.000000e+00	
151	8.788922e-04	0.000000e+00	0.000000e+00	0.000000e+00	
152	8.888922e-04	0.000000e+00	0.000000e+00	0.000000e+00	
153	8.988922e-04	0.000000e+00	0.000000e+00	0.000000e+00	
154	9.088922e-04	0.000000e+00	0.000000e+00	0.000000e+00	
155	9.188922e-04	0.000000e+00	0.000000e+00	0.000000e+00	
156	9.288922e-04	0.000000e+00	0.000000e+00	0.000000e+00	
157	9.388922e-04	0.000000e+00	0.000000e+00	0.000000e+00	
158	9.488922e-04	0.000000e+00	0.000000e+00	0.000000e+00	
159	9.588922e-04	0.000000e+00	0.000000e+00	0.000000e+00	
160	9.688922e-04	0.000000e+00	0.000000e+00	0.000000e+00	
161	9.788922e-04	0.000000e+00	0.000000e+00	0.000000e+00	
162	9.888922e-04	0.000000e+00	0.000000e+00	0.000000e+00	
163	9.988922e-04	0.000000e+00	0.000000e+00	0.000000e+00	
164	1.000010e-03	0.000000e+00	0.000000e+00	0.000000e+00	
165	1.000011e-03	0.000000e+00	0.000000e+00	0.000000e+00	
166	1.000013e-03	0.000000e+00	0.000000e+00	0.000000e+00	
167	1.000017e-03	0.000000e+00	0.000000e+00	0.000000e+00	
168	1.000018e-03	0.000000e+00	0.000000e+00	0.000000e+00	
169	1.000018e-03	0.000000e+00	0.000000e+00	0.000000e+00	
170	1.000018e-03	0.000000e+00	0.000000e+00	0.000000e+00	

Index   time            a14#branch_1_0  a15#branch_1_0  a16#branch_1_0  
--------------------------------------------------------------------------------
171	1.000018e-03	0.000000e+00	0.000000e+00	0.000000e+00	
172	1.000018e-03	0.000000e+00	0.000000e+00	0.000000e+00	
173	1.000018e-03	0.000000e+00	0.000000e+00	0.000000e+00	
174	1.000018e-03	0.000000e+00	0.000000e+00	0.000000e+00	
175	1.000018e-03	0.000000e+00	0.000000e+00	0.000000e+00	
176	1.000018e-03	0.000000e+00	0.000000e+00	0.000000e+00	
177	1.000018e-03	0.000000e+00	0.000000e+00	0.000000e+00	
178	1.000019e-03	0.000000e+00	0.000000e+00	0.000000e+00	
179	1.000019e-03	0.000000e+00	0.000000e+00	0.000000e+00	
180	1.000020e-03	0.000000e+00	0.000000e+00	0.000000e+00	
181	1.000020e-03	0.000000e+00	0.000000e+00	0.000000e+00	
182	1.000020e-03	0.000000e+00	0.000000e+00	0.000000e+00	
183	1.000021e-03	0.000000e+00	0.000000e+00	0.000000e+00	
184	1.000021e-03	0.000000e+00	0.000000e+00	0.000000e+00	
185	1.000021e-03	0.000000e+00	0.000000e+00	0.000000e+00	
186	1.000021e-03	0.000000e+00	0.000000e+00	0.000000e+00	
187	1.000021e-03	0.000000e+00	0.000000e+00	0.000000e+00	
188	1.000022e-03	0.000000e+00	0.000000e+00	0.000000e+00	
189	1.000022e-03	0.000000e+00	0.000000e+00	0.000000e+00	
190	1.000022e-03	0.000000e+00	0.000000e+00	0.000000e+00	
191	1.000022e-03	0.000000e+00	0.000000e+00	0.000000e+00	
192	1.000023e-03	0.000000e+00	0.000000e+00	0.000000e+00	
193	1.000023e-03	0.000000e+00	0.000000e+00	0.000000e+00	
194	1.000023e-03	0.000000e+00	0.000000e+00	0.000000e+00	
195	1.000023e-03	0.000000e+00	0.000000e+00	0.000000e+00	
196	1.000023e-03	0.000000e+00	0.000000e+00	0.000000e+00	
197	1.000024e-03	0.000000e+00	0.000000e+00	0.000000e+00	
198	1.000024e-03	0.000000e+00	0.000000e+00	0.000000e+00	
199	1.000024e-03	0.000000e+00	0.000000e+00	0.000000e+00	
200	1.000024e-03	0.000000e+00	0.000000e+00	0.000000e+00	
201	1.000024e-03	0.000000e+00	0.000000e+00	0.000000e+00	
202	1.000024e-03	0.000000e+00	0.000000e+00	0.000000e+00	
203	1.000024e-03	0.000000e+00	0.000000e+00	0.000000e+00	
204	1.000024e-03	0.000000e+00	0.000000e+00	0.000000e+00	
205	1.000024e-03	0.000000e+00	0.000000e+00	0.000000e+00	
206	1.000024e-03	0.000000e+00	0.000000e+00	0.000000e+00	
207	1.000024e-03	0.000000e+00	0.000000e+00	0.000000e+00	
208	1.000025e-03	0.000000e+00	0.000000e+00	0.000000e+00	
209	1.000025e-03	0.000000e+00	0.000000e+00	0.000000e+00	
210	1.000026e-03	0.000000e+00	0.000000e+00	0.000000e+00	
211	1.000028e-03	0.000000e+00	0.000000e+00	0.000000e+00	
212	1.000032e-03	0.000000e+00	0.000000e+00	0.000000e+00	
213	1.000040e-03	0.000000e+00	0.000000e+00	0.000000e+00	
214	1.000057e-03	0.000000e+00	0.000000e+00	0.000000e+00	
215	1.000090e-03	0.000000e+00	0.000000e+00	0.000000e+00	
216	1.000155e-03	0.000000e+00	0.000000e+00	0.000000e+00	
217	1.000286e-03	0.000000e+00	0.000000e+00	0.000000e+00	
218	1.000548e-03	0.000000e+00	0.000000e+00	0.000000e+00	
219	1.001073e-03	0.000000e+00	0.000000e+00	0.000000e+00	
220	1.002121e-03	0.000000e+00	0.000000e+00	0.000000e+00	
221	1.004218e-03	0.000000e+00	0.000000e+00	0.000000e+00	
222	1.008413e-03	0.000000e+00	0.000000e+00	0.000000e+00	
223	1.016801e-03	0.000000e+00	0.000000e+00	0.000000e+00	
224	1.026801e-03	0.000000e+00	0.000000e+00	0.000000e+00	
225	1.036801e-03	0.000000e+00	0.000000e+00	0.000000e+00	
226	1.046801e-03	0.000000e+00	0.000000e+00	0.000000e+00	
227	1.056801e-03	0.000000e+00	0.000000e+00	0.000000e+00	
228	1.066801e-03	0.000000e+00	0.000000e+00	0.000000e+00	

Index   time            a14#branch_1_0  a15#branch_1_0  a16#branch_1_0  
--------------------------------------------------------------------------------
229	1.076801e-03	0.000000e+00	0.000000e+00	0.000000e+00	
230	1.086801e-03	0.000000e+00	0.000000e+00	0.000000e+00	
231	1.096801e-03	0.000000e+00	0.000000e+00	0.000000e+00	
232	1.106801e-03	0.000000e+00	0.000000e+00	0.000000e+00	
233	1.116801e-03	0.000000e+00	0.000000e+00	0.000000e+00	
234	1.126801e-03	0.000000e+00	0.000000e+00	0.000000e+00	
235	1.136801e-03	0.000000e+00	0.000000e+00	0.000000e+00	
236	1.146801e-03	0.000000e+00	0.000000e+00	0.000000e+00	
237	1.156801e-03	0.000000e+00	0.000000e+00	0.000000e+00	
238	1.166801e-03	0.000000e+00	0.000000e+00	0.000000e+00	
239	1.176801e-03	0.000000e+00	0.000000e+00	0.000000e+00	
240	1.186801e-03	0.000000e+00	0.000000e+00	0.000000e+00	
241	1.196801e-03	0.000000e+00	0.000000e+00	0.000000e+00	
242	1.206801e-03	0.000000e+00	0.000000e+00	0.000000e+00	
243	1.216801e-03	0.000000e+00	0.000000e+00	0.000000e+00	
244	1.226801e-03	0.000000e+00	0.000000e+00	0.000000e+00	
245	1.236801e-03	0.000000e+00	0.000000e+00	0.000000e+00	
246	1.246801e-03	0.000000e+00	0.000000e+00	0.000000e+00	
247	1.256801e-03	0.000000e+00	0.000000e+00	0.000000e+00	
248	1.266801e-03	0.000000e+00	0.000000e+00	0.000000e+00	
249	1.276801e-03	0.000000e+00	0.000000e+00	0.000000e+00	
250	1.286801e-03	0.000000e+00	0.000000e+00	0.000000e+00	
251	1.296801e-03	0.000000e+00	0.000000e+00	0.000000e+00	
252	1.306801e-03	0.000000e+00	0.000000e+00	0.000000e+00	
253	1.316801e-03	0.000000e+00	0.000000e+00	0.000000e+00	
254	1.326801e-03	0.000000e+00	0.000000e+00	0.000000e+00	
255	1.336801e-03	0.000000e+00	0.000000e+00	0.000000e+00	
256	1.346801e-03	0.000000e+00	0.000000e+00	0.000000e+00	
257	1.356801e-03	0.000000e+00	0.000000e+00	0.000000e+00	
258	1.366801e-03	0.000000e+00	0.000000e+00	0.000000e+00	
259	1.376801e-03	0.000000e+00	0.000000e+00	0.000000e+00	
260	1.386801e-03	0.000000e+00	0.000000e+00	0.000000e+00	
261	1.396801e-03	0.000000e+00	0.000000e+00	0.000000e+00	
262	1.406801e-03	0.000000e+00	0.000000e+00	0.000000e+00	
263	1.416801e-03	0.000000e+00	0.000000e+00	0.000000e+00	
264	1.426801e-03	0.000000e+00	0.000000e+00	0.000000e+00	
265	1.436801e-03	0.000000e+00	0.000000e+00	0.000000e+00	
266	1.446801e-03	0.000000e+00	0.000000e+00	0.000000e+00	
267	1.456801e-03	0.000000e+00	0.000000e+00	0.000000e+00	
268	1.466801e-03	0.000000e+00	0.000000e+00	0.000000e+00	
269	1.476801e-03	0.000000e+00	0.000000e+00	0.000000e+00	
270	1.486801e-03	0.000000e+00	0.000000e+00	0.000000e+00	
271	1.496801e-03	0.000000e+00	0.000000e+00	0.000000e+00	
272	1.506801e-03	0.000000e+00	0.000000e+00	0.000000e+00	
273	1.516801e-03	0.000000e+00	0.000000e+00	0.000000e+00	
274	1.526801e-03	0.000000e+00	0.000000e+00	0.000000e+00	
275	1.536801e-03	0.000000e+00	0.000000e+00	0.000000e+00	
276	1.546801e-03	0.000000e+00	0.000000e+00	0.000000e+00	
277	1.556801e-03	0.000000e+00	0.000000e+00	0.000000e+00	
278	1.566801e-03	0.000000e+00	0.000000e+00	0.000000e+00	
279	1.576801e-03	0.000000e+00	0.000000e+00	0.000000e+00	
280	1.586801e-03	0.000000e+00	0.000000e+00	0.000000e+00	
281	1.596801e-03	0.000000e+00	0.000000e+00	0.000000e+00	
282	1.606801e-03	0.000000e+00	0.000000e+00	0.000000e+00	
283	1.616801e-03	0.000000e+00	0.000000e+00	0.000000e+00	
284	1.626801e-03	0.000000e+00	0.000000e+00	0.000000e+00	
285	1.636801e-03	0.000000e+00	0.000000e+00	0.000000e+00	
286	1.646801e-03	0.000000e+00	0.000000e+00	0.000000e+00	

Index   time            a14#branch_1_0  a15#branch_1_0  a16#branch_1_0  
--------------------------------------------------------------------------------
287	1.656801e-03	0.000000e+00	0.000000e+00	0.000000e+00	
288	1.666801e-03	0.000000e+00	0.000000e+00	0.000000e+00	
289	1.676801e-03	0.000000e+00	0.000000e+00	0.000000e+00	
290	1.686801e-03	0.000000e+00	0.000000e+00	0.000000e+00	
291	1.696801e-03	0.000000e+00	0.000000e+00	0.000000e+00	
292	1.706801e-03	0.000000e+00	0.000000e+00	0.000000e+00	
293	1.716801e-03	0.000000e+00	0.000000e+00	0.000000e+00	
294	1.726801e-03	0.000000e+00	0.000000e+00	0.000000e+00	
295	1.736801e-03	0.000000e+00	0.000000e+00	0.000000e+00	
296	1.746801e-03	0.000000e+00	0.000000e+00	0.000000e+00	
297	1.756801e-03	0.000000e+00	0.000000e+00	0.000000e+00	
298	1.766801e-03	0.000000e+00	0.000000e+00	0.000000e+00	
299	1.776801e-03	0.000000e+00	0.000000e+00	0.000000e+00	
300	1.786801e-03	0.000000e+00	0.000000e+00	0.000000e+00	
301	1.796801e-03	0.000000e+00	0.000000e+00	0.000000e+00	
302	1.806801e-03	0.000000e+00	0.000000e+00	0.000000e+00	
303	1.816801e-03	0.000000e+00	0.000000e+00	0.000000e+00	
304	1.826801e-03	0.000000e+00	0.000000e+00	0.000000e+00	
305	1.836801e-03	0.000000e+00	0.000000e+00	0.000000e+00	
306	1.846801e-03	0.000000e+00	0.000000e+00	0.000000e+00	
307	1.856801e-03	0.000000e+00	0.000000e+00	0.000000e+00	
308	1.866801e-03	0.000000e+00	0.000000e+00	0.000000e+00	
309	1.876801e-03	0.000000e+00	0.000000e+00	0.000000e+00	
310	1.886801e-03	0.000000e+00	0.000000e+00	0.000000e+00	
311	1.896801e-03	0.000000e+00	0.000000e+00	0.000000e+00	
312	1.906801e-03	0.000000e+00	0.000000e+00	0.000000e+00	
313	1.916801e-03	0.000000e+00	0.000000e+00	0.000000e+00	
314	1.926801e-03	0.000000e+00	0.000000e+00	0.000000e+00	
315	1.936801e-03	0.000000e+00	0.000000e+00	0.000000e+00	
316	1.946801e-03	0.000000e+00	0.000000e+00	0.000000e+00	
317	1.956801e-03	0.000000e+00	0.000000e+00	0.000000e+00	
318	1.966801e-03	0.000000e+00	0.000000e+00	0.000000e+00	
319	1.976801e-03	0.000000e+00	0.000000e+00	0.000000e+00	
320	1.986801e-03	0.000000e+00	0.000000e+00	0.000000e+00	
321	1.996801e-03	0.000000e+00	0.000000e+00	0.000000e+00	
322	2.000000e-03	0.000000e+00	0.000000e+00	0.000000e+00	

                                kicad schematic
                                Transient Analysis  Sun Nov 09 01:09:35  2025
--------------------------------------------------------------------------------
Index   time            a17#branch_1_0  a53#branch_1_0  a54#branch_1_0  
--------------------------------------------------------------------------------
0	0.000000e+00	0.000000e+00	0.000000e+00	0.000000e+00	
1	1.000000e-10	0.000000e+00	0.000000e+00	0.000000e+00	
2	2.000000e-10	0.000000e+00	0.000000e+00	0.000000e+00	
3	4.000000e-10	0.000000e+00	0.000000e+00	0.000000e+00	
4	8.000000e-10	0.000000e+00	0.000000e+00	0.000000e+00	
5	1.600000e-09	0.000000e+00	0.000000e+00	0.000000e+00	
6	3.200000e-09	0.000000e+00	0.000000e+00	0.000000e+00	
7	6.400000e-09	0.000000e+00	0.000000e+00	0.000000e+00	
8	1.000000e-08	0.000000e+00	0.000000e+00	0.000000e+00	
9	1.064000e-08	0.000000e+00	0.000000e+00	0.000000e+00	
10	1.140000e-08	0.000000e+00	0.000000e+00	0.000000e+00	
11	1.149000e-08	0.000000e+00	0.000000e+00	0.000000e+00	
12	1.167000e-08	0.000000e+00	0.000000e+00	0.000000e+00	
13	1.203000e-08	0.000000e+00	0.000000e+00	0.000000e+00	
14	1.230000e-08	0.000000e+00	0.000000e+00	0.000000e+00	
15	1.237200e-08	0.000000e+00	0.000000e+00	0.000000e+00	
16	1.251600e-08	0.000000e+00	0.000000e+00	0.000000e+00	
17	1.280400e-08	0.000000e+00	0.000000e+00	0.000000e+00	
18	1.338000e-08	0.000000e+00	0.000000e+00	0.000000e+00	
19	1.340000e-08	0.000000e+00	0.000000e+00	0.000000e+00	
20	1.341000e-08	0.000000e+00	0.000000e+00	0.000000e+00	
21	1.343000e-08	0.000000e+00	0.000000e+00	0.000000e+00	
22	1.347000e-08	0.000000e+00	0.000000e+00	0.000000e+00	
23	1.350000e-08	0.000000e+00	0.000000e+00	0.000000e+00	
24	1.350800e-08	0.000000e+00	0.000000e+00	0.000000e+00	
25	1.352400e-08	0.000000e+00	0.000000e+00	0.000000e+00	
26	1.355600e-08	0.000000e+00	0.000000e+00	0.000000e+00	
27	1.362000e-08	0.000000e+00	0.000000e+00	0.000000e+00	
28	1.374800e-08	0.000000e+00	0.000000e+00	0.000000e+00	
29	1.400400e-08	0.000000e+00	0.000000e+00	0.000000e+00	
30	1.451600e-08	0.000000e+00	0.000000e+00	0.000000e+00	
31	1.500000e-08	0.000000e+00	0.000000e+00	0.000000e+00	
32	1.501000e-08	0.000000e+00	0.000000e+00	0.000000e+00	
33	1.503000e-08	0.000000e+00	0.000000e+00	0.000000e+00	
34	1.507000e-08	0.000000e+00	0.000000e+00	0.000000e+00	
35	1.510000e-08	0.000000e+00	0.000000e+00	0.000000e+00	
36	1.510800e-08	0.000000e+00	0.000000e+00	0.000000e+00	
37	1.512400e-08	0.000000e+00	0.000000e+00	0.000000e+00	
38	1.515600e-08	0.000000e+00	0.000000e+00	0.000000e+00	
39	1.522000e-08	0.000000e+00	0.000000e+00	0.000000e+00	
40	1.534800e-08	0.000000e+00	0.000000e+00	0.000000e+00	
41	1.560400e-08	0.000000e+00	0.000000e+00	0.000000e+00	
42	1.611600e-08	0.000000e+00	0.000000e+00	0.000000e+00	
43	1.700000e-08	0.000000e+00	0.000000e+00	0.000000e+00	
44	1.709000e-08	0.000000e+00	0.000000e+00	0.000000e+00	
45	1.727000e-08	0.000000e+00	0.000000e+00	0.000000e+00	
46	1.763000e-08	0.000000e+00	0.000000e+00	0.000000e+00	
47	1.790000e-08	0.000000e+00	0.000000e+00	0.000000e+00	
48	1.797200e-08	0.000000e+00	0.000000e+00	0.000000e+00	
49	1.811600e-08	0.000000e+00	0.000000e+00	0.000000e+00	
50	1.840400e-08	0.000000e+00	0.000000e+00	0.000000e+00	
51	1.898000e-08	0.000000e+00	0.000000e+00	0.000000e+00	
52	2.013200e-08	0.000000e+00	0.000000e+00	0.000000e+00	
53	2.243600e-08	0.000000e+00	0.000000e+00	0.000000e+00	
54	2.704400e-08	0.000000e+00	0.000000e+00	0.000000e+00	

Index   time            a17#branch_1_0  a53#branch_1_0  a54#branch_1_0  
--------------------------------------------------------------------------------
55	3.626000e-08	0.000000e+00	0.000000e+00	0.000000e+00	
56	5.469200e-08	0.000000e+00	0.000000e+00	0.000000e+00	
57	9.155600e-08	0.000000e+00	0.000000e+00	0.000000e+00	
58	1.652840e-07	0.000000e+00	0.000000e+00	0.000000e+00	
59	3.127400e-07	0.000000e+00	0.000000e+00	0.000000e+00	
60	6.076520e-07	0.000000e+00	0.000000e+00	0.000000e+00	
61	1.197476e-06	0.000000e+00	0.000000e+00	0.000000e+00	
62	2.377124e-06	0.000000e+00	0.000000e+00	0.000000e+00	
63	4.736420e-06	0.000000e+00	0.000000e+00	0.000000e+00	
64	9.455012e-06	0.000000e+00	0.000000e+00	0.000000e+00	
65	1.889220e-05	0.000000e+00	0.000000e+00	0.000000e+00	
66	2.889220e-05	0.000000e+00	0.000000e+00	0.000000e+00	
67	3.889220e-05	0.000000e+00	0.000000e+00	0.000000e+00	
68	4.889220e-05	0.000000e+00	0.000000e+00	0.000000e+00	
69	5.889220e-05	0.000000e+00	0.000000e+00	0.000000e+00	
70	6.889220e-05	0.000000e+00	0.000000e+00	0.000000e+00	
71	7.889220e-05	0.000000e+00	0.000000e+00	0.000000e+00	
72	8.889220e-05	0.000000e+00	0.000000e+00	0.000000e+00	
73	9.889220e-05	0.000000e+00	0.000000e+00	0.000000e+00	
74	1.088922e-04	0.000000e+00	0.000000e+00	0.000000e+00	
75	1.188922e-04	0.000000e+00	0.000000e+00	0.000000e+00	
76	1.288922e-04	0.000000e+00	0.000000e+00	0.000000e+00	
77	1.388922e-04	0.000000e+00	0.000000e+00	0.000000e+00	
78	1.488922e-04	0.000000e+00	0.000000e+00	0.000000e+00	
79	1.588922e-04	0.000000e+00	0.000000e+00	0.000000e+00	
80	1.688922e-04	0.000000e+00	0.000000e+00	0.000000e+00	
81	1.788922e-04	0.000000e+00	0.000000e+00	0.000000e+00	
82	1.888922e-04	0.000000e+00	0.000000e+00	0.000000e+00	
83	1.988922e-04	0.000000e+00	0.000000e+00	0.000000e+00	
84	2.088922e-04	0.000000e+00	0.000000e+00	0.000000e+00	
85	2.188922e-04	0.000000e+00	0.000000e+00	0.000000e+00	
86	2.288922e-04	0.000000e+00	0.000000e+00	0.000000e+00	
87	2.388922e-04	0.000000e+00	0.000000e+00	0.000000e+00	
88	2.488922e-04	0.000000e+00	0.000000e+00	0.000000e+00	
89	2.588922e-04	0.000000e+00	0.000000e+00	0.000000e+00	
90	2.688922e-04	0.000000e+00	0.000000e+00	0.000000e+00	
91	2.788922e-04	0.000000e+00	0.000000e+00	0.000000e+00	
92	2.888922e-04	0.000000e+00	0.000000e+00	0.000000e+00	
93	2.988922e-04	0.000000e+00	0.000000e+00	0.000000e+00	
94	3.088922e-04	0.000000e+00	0.000000e+00	0.000000e+00	
95	3.188922e-04	0.000000e+00	0.000000e+00	0.000000e+00	
96	3.288922e-04	0.000000e+00	0.000000e+00	0.000000e+00	
97	3.388922e-04	0.000000e+00	0.000000e+00	0.000000e+00	
98	3.488922e-04	0.000000e+00	0.000000e+00	0.000000e+00	
99	3.588922e-04	0.000000e+00	0.000000e+00	0.000000e+00	
100	3.688922e-04	0.000000e+00	0.000000e+00	0.000000e+00	
101	3.788922e-04	0.000000e+00	0.000000e+00	0.000000e+00	
102	3.888922e-04	0.000000e+00	0.000000e+00	0.000000e+00	
103	3.988922e-04	0.000000e+00	0.000000e+00	0.000000e+00	
104	4.088922e-04	0.000000e+00	0.000000e+00	0.000000e+00	
105	4.188922e-04	0.000000e+00	0.000000e+00	0.000000e+00	
106	4.288922e-04	0.000000e+00	0.000000e+00	0.000000e+00	
107	4.388922e-04	0.000000e+00	0.000000e+00	0.000000e+00	
108	4.488922e-04	0.000000e+00	0.000000e+00	0.000000e+00	
109	4.588922e-04	0.000000e+00	0.000000e+00	0.000000e+00	
110	4.688922e-04	0.000000e+00	0.000000e+00	0.000000e+00	
111	4.788922e-04	0.000000e+00	0.000000e+00	0.000000e+00	
112	4.888922e-04	0.000000e+00	0.000000e+00	0.000000e+00	

Index   time            a17#branch_1_0  a53#branch_1_0  a54#branch_1_0  
--------------------------------------------------------------------------------
113	4.988922e-04	0.000000e+00	0.000000e+00	0.000000e+00	
114	5.088922e-04	0.000000e+00	0.000000e+00	0.000000e+00	
115	5.188922e-04	0.000000e+00	0.000000e+00	0.000000e+00	
116	5.288922e-04	0.000000e+00	0.000000e+00	0.000000e+00	
117	5.388922e-04	0.000000e+00	0.000000e+00	0.000000e+00	
118	5.488922e-04	0.000000e+00	0.000000e+00	0.000000e+00	
119	5.588922e-04	0.000000e+00	0.000000e+00	0.000000e+00	
120	5.688922e-04	0.000000e+00	0.000000e+00	0.000000e+00	
121	5.788922e-04	0.000000e+00	0.000000e+00	0.000000e+00	
122	5.888922e-04	0.000000e+00	0.000000e+00	0.000000e+00	
123	5.988922e-04	0.000000e+00	0.000000e+00	0.000000e+00	
124	6.088922e-04	0.000000e+00	0.000000e+00	0.000000e+00	
125	6.188922e-04	0.000000e+00	0.000000e+00	0.000000e+00	
126	6.288922e-04	0.000000e+00	0.000000e+00	0.000000e+00	
127	6.388922e-04	0.000000e+00	0.000000e+00	0.000000e+00	
128	6.488922e-04	0.000000e+00	0.000000e+00	0.000000e+00	
129	6.588922e-04	0.000000e+00	0.000000e+00	0.000000e+00	
130	6.688922e-04	0.000000e+00	0.000000e+00	0.000000e+00	
131	6.788922e-04	0.000000e+00	0.000000e+00	0.000000e+00	
132	6.888922e-04	0.000000e+00	0.000000e+00	0.000000e+00	
133	6.988922e-04	0.000000e+00	0.000000e+00	0.000000e+00	
134	7.088922e-04	0.000000e+00	0.000000e+00	0.000000e+00	
135	7.188922e-04	0.000000e+00	0.000000e+00	0.000000e+00	
136	7.288922e-04	0.000000e+00	0.000000e+00	0.000000e+00	
137	7.388922e-04	0.000000e+00	0.000000e+00	0.000000e+00	
138	7.488922e-04	0.000000e+00	0.000000e+00	0.000000e+00	
139	7.588922e-04	0.000000e+00	0.000000e+00	0.000000e+00	
140	7.688922e-04	0.000000e+00	0.000000e+00	0.000000e+00	
141	7.788922e-04	0.000000e+00	0.000000e+00	0.000000e+00	
142	7.888922e-04	0.000000e+00	0.000000e+00	0.000000e+00	
143	7.988922e-04	0.000000e+00	0.000000e+00	0.000000e+00	
144	8.088922e-04	0.000000e+00	0.000000e+00	0.000000e+00	
145	8.188922e-04	0.000000e+00	0.000000e+00	0.000000e+00	
146	8.288922e-04	0.000000e+00	0.000000e+00	0.000000e+00	
147	8.388922e-04	0.000000e+00	0.000000e+00	0.000000e+00	
148	8.488922e-04	0.000000e+00	0.000000e+00	0.000000e+00	
149	8.588922e-04	0.000000e+00	0.000000e+00	0.000000e+00	
150	8.688922e-04	0.000000e+00	0.000000e+00	0.000000e+00	
151	8.788922e-04	0.000000e+00	0.000000e+00	0.000000e+00	
152	8.888922e-04	0.000000e+00	0.000000e+00	0.000000e+00	
153	8.988922e-04	0.000000e+00	0.000000e+00	0.000000e+00	
154	9.088922e-04	0.000000e+00	0.000000e+00	0.000000e+00	
155	9.188922e-04	0.000000e+00	0.000000e+00	0.000000e+00	
156	9.288922e-04	0.000000e+00	0.000000e+00	0.000000e+00	
157	9.388922e-04	0.000000e+00	0.000000e+00	0.000000e+00	
158	9.488922e-04	0.000000e+00	0.000000e+00	0.000000e+00	
159	9.588922e-04	0.000000e+00	0.000000e+00	0.000000e+00	
160	9.688922e-04	0.000000e+00	0.000000e+00	0.000000e+00	
161	9.788922e-04	0.000000e+00	0.000000e+00	0.000000e+00	
162	9.888922e-04	0.000000e+00	0.000000e+00	0.000000e+00	
163	9.988922e-04	0.000000e+00	0.000000e+00	0.000000e+00	
164	1.000010e-03	0.000000e+00	0.000000e+00	0.000000e+00	
165	1.000011e-03	0.000000e+00	0.000000e+00	0.000000e+00	
166	1.000013e-03	0.000000e+00	0.000000e+00	0.000000e+00	
167	1.000017e-03	0.000000e+00	0.000000e+00	0.000000e+00	
168	1.000018e-03	0.000000e+00	0.000000e+00	0.000000e+00	
169	1.000018e-03	0.000000e+00	0.000000e+00	0.000000e+00	
170	1.000018e-03	0.000000e+00	0.000000e+00	0.000000e+00	

Index   time            a17#branch_1_0  a53#branch_1_0  a54#branch_1_0  
--------------------------------------------------------------------------------
171	1.000018e-03	0.000000e+00	0.000000e+00	0.000000e+00	
172	1.000018e-03	0.000000e+00	0.000000e+00	0.000000e+00	
173	1.000018e-03	0.000000e+00	0.000000e+00	0.000000e+00	
174	1.000018e-03	0.000000e+00	0.000000e+00	0.000000e+00	
175	1.000018e-03	0.000000e+00	0.000000e+00	0.000000e+00	
176	1.000018e-03	0.000000e+00	0.000000e+00	0.000000e+00	
177	1.000018e-03	0.000000e+00	0.000000e+00	0.000000e+00	
178	1.000019e-03	0.000000e+00	0.000000e+00	0.000000e+00	
179	1.000019e-03	0.000000e+00	0.000000e+00	0.000000e+00	
180	1.000020e-03	0.000000e+00	0.000000e+00	0.000000e+00	
181	1.000020e-03	0.000000e+00	0.000000e+00	0.000000e+00	
182	1.000020e-03	0.000000e+00	0.000000e+00	0.000000e+00	
183	1.000021e-03	0.000000e+00	0.000000e+00	0.000000e+00	
184	1.000021e-03	0.000000e+00	0.000000e+00	0.000000e+00	
185	1.000021e-03	0.000000e+00	0.000000e+00	0.000000e+00	
186	1.000021e-03	0.000000e+00	0.000000e+00	0.000000e+00	
187	1.000021e-03	0.000000e+00	0.000000e+00	0.000000e+00	
188	1.000022e-03	0.000000e+00	0.000000e+00	0.000000e+00	
189	1.000022e-03	0.000000e+00	0.000000e+00	0.000000e+00	
190	1.000022e-03	0.000000e+00	0.000000e+00	0.000000e+00	
191	1.000022e-03	0.000000e+00	0.000000e+00	0.000000e+00	
192	1.000023e-03	0.000000e+00	0.000000e+00	0.000000e+00	
193	1.000023e-03	0.000000e+00	0.000000e+00	0.000000e+00	
194	1.000023e-03	0.000000e+00	0.000000e+00	0.000000e+00	
195	1.000023e-03	0.000000e+00	0.000000e+00	0.000000e+00	
196	1.000023e-03	0.000000e+00	0.000000e+00	0.000000e+00	
197	1.000024e-03	0.000000e+00	0.000000e+00	0.000000e+00	
198	1.000024e-03	0.000000e+00	0.000000e+00	0.000000e+00	
199	1.000024e-03	0.000000e+00	0.000000e+00	0.000000e+00	
200	1.000024e-03	0.000000e+00	0.000000e+00	0.000000e+00	
201	1.000024e-03	0.000000e+00	0.000000e+00	0.000000e+00	
202	1.000024e-03	0.000000e+00	0.000000e+00	0.000000e+00	
203	1.000024e-03	0.000000e+00	0.000000e+00	0.000000e+00	
204	1.000024e-03	0.000000e+00	0.000000e+00	0.000000e+00	
205	1.000024e-03	0.000000e+00	0.000000e+00	0.000000e+00	
206	1.000024e-03	0.000000e+00	0.000000e+00	0.000000e+00	
207	1.000024e-03	0.000000e+00	0.000000e+00	0.000000e+00	
208	1.000025e-03	0.000000e+00	0.000000e+00	0.000000e+00	
209	1.000025e-03	0.000000e+00	0.000000e+00	0.000000e+00	
210	1.000026e-03	0.000000e+00	0.000000e+00	0.000000e+00	
211	1.000028e-03	0.000000e+00	0.000000e+00	0.000000e+00	
212	1.000032e-03	0.000000e+00	0.000000e+00	0.000000e+00	
213	1.000040e-03	0.000000e+00	0.000000e+00	0.000000e+00	
214	1.000057e-03	0.000000e+00	0.000000e+00	0.000000e+00	
215	1.000090e-03	0.000000e+00	0.000000e+00	0.000000e+00	
216	1.000155e-03	0.000000e+00	0.000000e+00	0.000000e+00	
217	1.000286e-03	0.000000e+00	0.000000e+00	0.000000e+00	
218	1.000548e-03	0.000000e+00	0.000000e+00	0.000000e+00	
219	1.001073e-03	0.000000e+00	0.000000e+00	0.000000e+00	
220	1.002121e-03	0.000000e+00	0.000000e+00	0.000000e+00	
221	1.004218e-03	0.000000e+00	0.000000e+00	0.000000e+00	
222	1.008413e-03	0.000000e+00	0.000000e+00	0.000000e+00	
223	1.016801e-03	0.000000e+00	0.000000e+00	0.000000e+00	
224	1.026801e-03	0.000000e+00	0.000000e+00	0.000000e+00	
225	1.036801e-03	0.000000e+00	0.000000e+00	0.000000e+00	
226	1.046801e-03	0.000000e+00	0.000000e+00	0.000000e+00	
227	1.056801e-03	0.000000e+00	0.000000e+00	0.000000e+00	
228	1.066801e-03	0.000000e+00	0.000000e+00	0.000000e+00	

Index   time            a17#branch_1_0  a53#branch_1_0  a54#branch_1_0  
--------------------------------------------------------------------------------
229	1.076801e-03	0.000000e+00	0.000000e+00	0.000000e+00	
230	1.086801e-03	0.000000e+00	0.000000e+00	0.000000e+00	
231	1.096801e-03	0.000000e+00	0.000000e+00	0.000000e+00	
232	1.106801e-03	0.000000e+00	0.000000e+00	0.000000e+00	
233	1.116801e-03	0.000000e+00	0.000000e+00	0.000000e+00	
234	1.126801e-03	0.000000e+00	0.000000e+00	0.000000e+00	
235	1.136801e-03	0.000000e+00	0.000000e+00	0.000000e+00	
236	1.146801e-03	0.000000e+00	0.000000e+00	0.000000e+00	
237	1.156801e-03	0.000000e+00	0.000000e+00	0.000000e+00	
238	1.166801e-03	0.000000e+00	0.000000e+00	0.000000e+00	
239	1.176801e-03	0.000000e+00	0.000000e+00	0.000000e+00	
240	1.186801e-03	0.000000e+00	0.000000e+00	0.000000e+00	
241	1.196801e-03	0.000000e+00	0.000000e+00	0.000000e+00	
242	1.206801e-03	0.000000e+00	0.000000e+00	0.000000e+00	
243	1.216801e-03	0.000000e+00	0.000000e+00	0.000000e+00	
244	1.226801e-03	0.000000e+00	0.000000e+00	0.000000e+00	
245	1.236801e-03	0.000000e+00	0.000000e+00	0.000000e+00	
246	1.246801e-03	0.000000e+00	0.000000e+00	0.000000e+00	
247	1.256801e-03	0.000000e+00	0.000000e+00	0.000000e+00	
248	1.266801e-03	0.000000e+00	0.000000e+00	0.000000e+00	
249	1.276801e-03	0.000000e+00	0.000000e+00	0.000000e+00	
250	1.286801e-03	0.000000e+00	0.000000e+00	0.000000e+00	
251	1.296801e-03	0.000000e+00	0.000000e+00	0.000000e+00	
252	1.306801e-03	0.000000e+00	0.000000e+00	0.000000e+00	
253	1.316801e-03	0.000000e+00	0.000000e+00	0.000000e+00	
254	1.326801e-03	0.000000e+00	0.000000e+00	0.000000e+00	
255	1.336801e-03	0.000000e+00	0.000000e+00	0.000000e+00	
256	1.346801e-03	0.000000e+00	0.000000e+00	0.000000e+00	
257	1.356801e-03	0.000000e+00	0.000000e+00	0.000000e+00	
258	1.366801e-03	0.000000e+00	0.000000e+00	0.000000e+00	
259	1.376801e-03	0.000000e+00	0.000000e+00	0.000000e+00	
260	1.386801e-03	0.000000e+00	0.000000e+00	0.000000e+00	
261	1.396801e-03	0.000000e+00	0.000000e+00	0.000000e+00	
262	1.406801e-03	0.000000e+00	0.000000e+00	0.000000e+00	
263	1.416801e-03	0.000000e+00	0.000000e+00	0.000000e+00	
264	1.426801e-03	0.000000e+00	0.000000e+00	0.000000e+00	
265	1.436801e-03	0.000000e+00	0.000000e+00	0.000000e+00	
266	1.446801e-03	0.000000e+00	0.000000e+00	0.000000e+00	
267	1.456801e-03	0.000000e+00	0.000000e+00	0.000000e+00	
268	1.466801e-03	0.000000e+00	0.000000e+00	0.000000e+00	
269	1.476801e-03	0.000000e+00	0.000000e+00	0.000000e+00	
270	1.486801e-03	0.000000e+00	0.000000e+00	0.000000e+00	
271	1.496801e-03	0.000000e+00	0.000000e+00	0.000000e+00	
272	1.506801e-03	0.000000e+00	0.000000e+00	0.000000e+00	
273	1.516801e-03	0.000000e+00	0.000000e+00	0.000000e+00	
274	1.526801e-03	0.000000e+00	0.000000e+00	0.000000e+00	
275	1.536801e-03	0.000000e+00	0.000000e+00	0.000000e+00	
276	1.546801e-03	0.000000e+00	0.000000e+00	0.000000e+00	
277	1.556801e-03	0.000000e+00	0.000000e+00	0.000000e+00	
278	1.566801e-03	0.000000e+00	0.000000e+00	0.000000e+00	
279	1.576801e-03	0.000000e+00	0.000000e+00	0.000000e+00	
280	1.586801e-03	0.000000e+00	0.000000e+00	0.000000e+00	
281	1.596801e-03	0.000000e+00	0.000000e+00	0.000000e+00	
282	1.606801e-03	0.000000e+00	0.000000e+00	0.000000e+00	
283	1.616801e-03	0.000000e+00	0.000000e+00	0.000000e+00	
284	1.626801e-03	0.000000e+00	0.000000e+00	0.000000e+00	
285	1.636801e-03	0.000000e+00	0.000000e+00	0.000000e+00	
286	1.646801e-03	0.000000e+00	0.000000e+00	0.000000e+00	

Index   time            a17#branch_1_0  a53#branch_1_0  a54#branch_1_0  
--------------------------------------------------------------------------------
287	1.656801e-03	0.000000e+00	0.000000e+00	0.000000e+00	
288	1.666801e-03	0.000000e+00	0.000000e+00	0.000000e+00	
289	1.676801e-03	0.000000e+00	0.000000e+00	0.000000e+00	
290	1.686801e-03	0.000000e+00	0.000000e+00	0.000000e+00	
291	1.696801e-03	0.000000e+00	0.000000e+00	0.000000e+00	
292	1.706801e-03	0.000000e+00	0.000000e+00	0.000000e+00	
293	1.716801e-03	0.000000e+00	0.000000e+00	0.000000e+00	
294	1.726801e-03	0.000000e+00	0.000000e+00	0.000000e+00	
295	1.736801e-03	0.000000e+00	0.000000e+00	0.000000e+00	
296	1.746801e-03	0.000000e+00	0.000000e+00	0.000000e+00	
297	1.756801e-03	0.000000e+00	0.000000e+00	0.000000e+00	
298	1.766801e-03	0.000000e+00	0.000000e+00	0.000000e+00	
299	1.776801e-03	0.000000e+00	0.000000e+00	0.000000e+00	
300	1.786801e-03	0.000000e+00	0.000000e+00	0.000000e+00	
301	1.796801e-03	0.000000e+00	0.000000e+00	0.000000e+00	
302	1.806801e-03	0.000000e+00	0.000000e+00	0.000000e+00	
303	1.816801e-03	0.000000e+00	0.000000e+00	0.000000e+00	
304	1.826801e-03	0.000000e+00	0.000000e+00	0.000000e+00	
305	1.836801e-03	0.000000e+00	0.000000e+00	0.000000e+00	
306	1.846801e-03	0.000000e+00	0.000000e+00	0.000000e+00	
307	1.856801e-03	0.000000e+00	0.000000e+00	0.000000e+00	
308	1.866801e-03	0.000000e+00	0.000000e+00	0.000000e+00	
309	1.876801e-03	0.000000e+00	0.000000e+00	0.000000e+00	
310	1.886801e-03	0.000000e+00	0.000000e+00	0.000000e+00	
311	1.896801e-03	0.000000e+00	0.000000e+00	0.000000e+00	
312	1.906801e-03	0.000000e+00	0.000000e+00	0.000000e+00	
313	1.916801e-03	0.000000e+00	0.000000e+00	0.000000e+00	
314	1.926801e-03	0.000000e+00	0.000000e+00	0.000000e+00	
315	1.936801e-03	0.000000e+00	0.000000e+00	0.000000e+00	
316	1.946801e-03	0.000000e+00	0.000000e+00	0.000000e+00	
317	1.956801e-03	0.000000e+00	0.000000e+00	0.000000e+00	
318	1.966801e-03	0.000000e+00	0.000000e+00	0.000000e+00	
319	1.976801e-03	0.000000e+00	0.000000e+00	0.000000e+00	
320	1.986801e-03	0.000000e+00	0.000000e+00	0.000000e+00	
321	1.996801e-03	0.000000e+00	0.000000e+00	0.000000e+00	
322	2.000000e-03	0.000000e+00	0.000000e+00	0.000000e+00	

                                kicad schematic
                                Transient Analysis  Sun Nov 09 01:09:35  2025
--------------------------------------------------------------------------------
Index   time            a55#branch_1_0  v1#branch       v2#branch       
--------------------------------------------------------------------------------
0	0.000000e+00	0.000000e+00	0.000000e+00	0.000000e+00	
1	1.000000e-10	0.000000e+00	0.000000e+00	0.000000e+00	
2	2.000000e-10	0.000000e+00	0.000000e+00	0.000000e+00	
3	4.000000e-10	0.000000e+00	0.000000e+00	0.000000e+00	
4	8.000000e-10	0.000000e+00	0.000000e+00	0.000000e+00	
5	1.600000e-09	0.000000e+00	0.000000e+00	0.000000e+00	
6	3.200000e-09	0.000000e+00	0.000000e+00	0.000000e+00	
7	6.400000e-09	0.000000e+00	0.000000e+00	0.000000e+00	
8	1.000000e-08	0.000000e+00	0.000000e+00	0.000000e+00	
9	1.064000e-08	0.000000e+00	0.000000e+00	0.000000e+00	
10	1.140000e-08	0.000000e+00	0.000000e+00	0.000000e+00	
11	1.149000e-08	0.000000e+00	0.000000e+00	0.000000e+00	
12	1.167000e-08	0.000000e+00	0.000000e+00	0.000000e+00	
13	1.203000e-08	0.000000e+00	0.000000e+00	0.000000e+00	
14	1.230000e-08	0.000000e+00	0.000000e+00	0.000000e+00	
15	1.237200e-08	0.000000e+00	0.000000e+00	0.000000e+00	
16	1.251600e-08	0.000000e+00	0.000000e+00	0.000000e+00	
17	1.280400e-08	0.000000e+00	0.000000e+00	0.000000e+00	
18	1.338000e-08	0.000000e+00	0.000000e+00	0.000000e+00	
19	1.340000e-08	0.000000e+00	0.000000e+00	0.000000e+00	
20	1.341000e-08	0.000000e+00	0.000000e+00	0.000000e+00	
21	1.343000e-08	0.000000e+00	0.000000e+00	0.000000e+00	
22	1.347000e-08	0.000000e+00	0.000000e+00	0.000000e+00	
23	1.350000e-08	0.000000e+00	0.000000e+00	0.000000e+00	
24	1.350800e-08	0.000000e+00	0.000000e+00	0.000000e+00	
25	1.352400e-08	0.000000e+00	0.000000e+00	0.000000e+00	
26	1.355600e-08	0.000000e+00	0.000000e+00	0.000000e+00	
27	1.362000e-08	0.000000e+00	0.000000e+00	0.000000e+00	
28	1.374800e-08	0.000000e+00	0.000000e+00	0.000000e+00	
29	1.400400e-08	0.000000e+00	0.000000e+00	0.000000e+00	
30	1.451600e-08	0.000000e+00	0.000000e+00	0.000000e+00	
31	1.500000e-08	0.000000e+00	0.000000e+00	0.000000e+00	
32	1.501000e-08	0.000000e+00	0.000000e+00	0.000000e+00	
33	1.503000e-08	0.000000e+00	0.000000e+00	0.000000e+00	
34	1.507000e-08	0.000000e+00	0.000000e+00	0.000000e+00	
35	1.510000e-08	0.000000e+00	0.000000e+00	0.000000e+00	
36	1.510800e-08	0.000000e+00	0.000000e+00	0.000000e+00	
37	1.512400e-08	0.000000e+00	0.000000e+00	0.000000e+00	
38	1.515600e-08	0.000000e+00	0.000000e+00	0.000000e+00	
39	1.522000e-08	0.000000e+00	0.000000e+00	0.000000e+00	
40	1.534800e-08	0.000000e+00	0.000000e+00	0.000000e+00	
41	1.560400e-08	0.000000e+00	0.000000e+00	0.000000e+00	
42	1.611600e-08	0.000000e+00	0.000000e+00	0.000000e+00	
43	1.700000e-08	0.000000e+00	0.000000e+00	0.000000e+00	
44	1.709000e-08	0.000000e+00	0.000000e+00	0.000000e+00	
45	1.727000e-08	0.000000e+00	0.000000e+00	0.000000e+00	
46	1.763000e-08	0.000000e+00	0.000000e+00	0.000000e+00	
47	1.790000e-08	0.000000e+00	0.000000e+00	0.000000e+00	
48	1.797200e-08	0.000000e+00	0.000000e+00	0.000000e+00	
49	1.811600e-08	0.000000e+00	0.000000e+00	0.000000e+00	
50	1.840400e-08	0.000000e+00	0.000000e+00	0.000000e+00	
51	1.898000e-08	0.000000e+00	0.000000e+00	0.000000e+00	
52	2.013200e-08	0.000000e+00	0.000000e+00	0.000000e+00	
53	2.243600e-08	0.000000e+00	0.000000e+00	0.000000e+00	
54	2.704400e-08	0.000000e+00	0.000000e+00	0.000000e+00	

Index   time            a55#branch_1_0  v1#branch       v2#branch       
--------------------------------------------------------------------------------
55	3.626000e-08	0.000000e+00	0.000000e+00	0.000000e+00	
56	5.469200e-08	0.000000e+00	0.000000e+00	0.000000e+00	
57	9.155600e-08	0.000000e+00	0.000000e+00	0.000000e+00	
58	1.652840e-07	0.000000e+00	0.000000e+00	0.000000e+00	
59	3.127400e-07	0.000000e+00	0.000000e+00	0.000000e+00	
60	6.076520e-07	0.000000e+00	0.000000e+00	0.000000e+00	
61	1.197476e-06	0.000000e+00	0.000000e+00	0.000000e+00	
62	2.377124e-06	0.000000e+00	0.000000e+00	0.000000e+00	
63	4.736420e-06	0.000000e+00	0.000000e+00	0.000000e+00	
64	9.455012e-06	0.000000e+00	0.000000e+00	0.000000e+00	
65	1.889220e-05	0.000000e+00	0.000000e+00	0.000000e+00	
66	2.889220e-05	0.000000e+00	0.000000e+00	0.000000e+00	
67	3.889220e-05	0.000000e+00	0.000000e+00	0.000000e+00	
68	4.889220e-05	0.000000e+00	0.000000e+00	0.000000e+00	
69	5.889220e-05	0.000000e+00	0.000000e+00	0.000000e+00	
70	6.889220e-05	0.000000e+00	0.000000e+00	0.000000e+00	
71	7.889220e-05	0.000000e+00	0.000000e+00	0.000000e+00	
72	8.889220e-05	0.000000e+00	0.000000e+00	0.000000e+00	
73	9.889220e-05	0.000000e+00	0.000000e+00	0.000000e+00	
74	1.088922e-04	0.000000e+00	0.000000e+00	0.000000e+00	
75	1.188922e-04	0.000000e+00	0.000000e+00	0.000000e+00	
76	1.288922e-04	0.000000e+00	0.000000e+00	0.000000e+00	
77	1.388922e-04	0.000000e+00	0.000000e+00	0.000000e+00	
78	1.488922e-04	0.000000e+00	0.000000e+00	0.000000e+00	
79	1.588922e-04	0.000000e+00	0.000000e+00	0.000000e+00	
80	1.688922e-04	0.000000e+00	0.000000e+00	0.000000e+00	
81	1.788922e-04	0.000000e+00	0.000000e+00	0.000000e+00	
82	1.888922e-04	0.000000e+00	0.000000e+00	0.000000e+00	
83	1.988922e-04	0.000000e+00	0.000000e+00	0.000000e+00	
84	2.088922e-04	0.000000e+00	0.000000e+00	0.000000e+00	
85	2.188922e-04	0.000000e+00	0.000000e+00	0.000000e+00	
86	2.288922e-04	0.000000e+00	0.000000e+00	0.000000e+00	
87	2.388922e-04	0.000000e+00	0.000000e+00	0.000000e+00	
88	2.488922e-04	0.000000e+00	0.000000e+00	0.000000e+00	
89	2.588922e-04	0.000000e+00	0.000000e+00	0.000000e+00	
90	2.688922e-04	0.000000e+00	0.000000e+00	0.000000e+00	
91	2.788922e-04	0.000000e+00	0.000000e+00	0.000000e+00	
92	2.888922e-04	0.000000e+00	0.000000e+00	0.000000e+00	
93	2.988922e-04	0.000000e+00	0.000000e+00	0.000000e+00	
94	3.088922e-04	0.000000e+00	0.000000e+00	0.000000e+00	
95	3.188922e-04	0.000000e+00	0.000000e+00	0.000000e+00	
96	3.288922e-04	0.000000e+00	0.000000e+00	0.000000e+00	
97	3.388922e-04	0.000000e+00	0.000000e+00	0.000000e+00	
98	3.488922e-04	0.000000e+00	0.000000e+00	0.000000e+00	
99	3.588922e-04	0.000000e+00	0.000000e+00	0.000000e+00	
100	3.688922e-04	0.000000e+00	0.000000e+00	0.000000e+00	
101	3.788922e-04	0.000000e+00	0.000000e+00	0.000000e+00	
102	3.888922e-04	0.000000e+00	0.000000e+00	0.000000e+00	
103	3.988922e-04	0.000000e+00	0.000000e+00	0.000000e+00	
104	4.088922e-04	0.000000e+00	0.000000e+00	0.000000e+00	
105	4.188922e-04	0.000000e+00	0.000000e+00	0.000000e+00	
106	4.288922e-04	0.000000e+00	0.000000e+00	0.000000e+00	
107	4.388922e-04	0.000000e+00	0.000000e+00	0.000000e+00	
108	4.488922e-04	0.000000e+00	0.000000e+00	0.000000e+00	
109	4.588922e-04	0.000000e+00	0.000000e+00	0.000000e+00	
110	4.688922e-04	0.000000e+00	0.000000e+00	0.000000e+00	
111	4.788922e-04	0.000000e+00	0.000000e+00	0.000000e+00	
112	4.888922e-04	0.000000e+00	0.000000e+00	0.000000e+00	

Index   time            a55#branch_1_0  v1#branch       v2#branch       
--------------------------------------------------------------------------------
113	4.988922e-04	0.000000e+00	0.000000e+00	0.000000e+00	
114	5.088922e-04	0.000000e+00	0.000000e+00	0.000000e+00	
115	5.188922e-04	0.000000e+00	0.000000e+00	0.000000e+00	
116	5.288922e-04	0.000000e+00	0.000000e+00	0.000000e+00	
117	5.388922e-04	0.000000e+00	0.000000e+00	0.000000e+00	
118	5.488922e-04	0.000000e+00	0.000000e+00	0.000000e+00	
119	5.588922e-04	0.000000e+00	0.000000e+00	0.000000e+00	
120	5.688922e-04	0.000000e+00	0.000000e+00	0.000000e+00	
121	5.788922e-04	0.000000e+00	0.000000e+00	0.000000e+00	
122	5.888922e-04	0.000000e+00	0.000000e+00	0.000000e+00	
123	5.988922e-04	0.000000e+00	0.000000e+00	0.000000e+00	
124	6.088922e-04	0.000000e+00	0.000000e+00	0.000000e+00	
125	6.188922e-04	0.000000e+00	0.000000e+00	0.000000e+00	
126	6.288922e-04	0.000000e+00	0.000000e+00	0.000000e+00	
127	6.388922e-04	0.000000e+00	0.000000e+00	0.000000e+00	
128	6.488922e-04	0.000000e+00	0.000000e+00	0.000000e+00	
129	6.588922e-04	0.000000e+00	0.000000e+00	0.000000e+00	
130	6.688922e-04	0.000000e+00	0.000000e+00	0.000000e+00	
131	6.788922e-04	0.000000e+00	0.000000e+00	0.000000e+00	
132	6.888922e-04	0.000000e+00	0.000000e+00	0.000000e+00	
133	6.988922e-04	0.000000e+00	0.000000e+00	0.000000e+00	
134	7.088922e-04	0.000000e+00	0.000000e+00	0.000000e+00	
135	7.188922e-04	0.000000e+00	0.000000e+00	0.000000e+00	
136	7.288922e-04	0.000000e+00	0.000000e+00	0.000000e+00	
137	7.388922e-04	0.000000e+00	0.000000e+00	0.000000e+00	
138	7.488922e-04	0.000000e+00	0.000000e+00	0.000000e+00	
139	7.588922e-04	0.000000e+00	0.000000e+00	0.000000e+00	
140	7.688922e-04	0.000000e+00	0.000000e+00	0.000000e+00	
141	7.788922e-04	0.000000e+00	0.000000e+00	0.000000e+00	
142	7.888922e-04	0.000000e+00	0.000000e+00	0.000000e+00	
143	7.988922e-04	0.000000e+00	0.000000e+00	0.000000e+00	
144	8.088922e-04	0.000000e+00	0.000000e+00	0.000000e+00	
145	8.188922e-04	0.000000e+00	0.000000e+00	0.000000e+00	
146	8.288922e-04	0.000000e+00	0.000000e+00	0.000000e+00	
147	8.388922e-04	0.000000e+00	0.000000e+00	0.000000e+00	
148	8.488922e-04	0.000000e+00	0.000000e+00	0.000000e+00	
149	8.588922e-04	0.000000e+00	0.000000e+00	0.000000e+00	
150	8.688922e-04	0.000000e+00	0.000000e+00	0.000000e+00	
151	8.788922e-04	0.000000e+00	0.000000e+00	0.000000e+00	
152	8.888922e-04	0.000000e+00	0.000000e+00	0.000000e+00	
153	8.988922e-04	0.000000e+00	0.000000e+00	0.000000e+00	
154	9.088922e-04	0.000000e+00	0.000000e+00	0.000000e+00	
155	9.188922e-04	0.000000e+00	0.000000e+00	0.000000e+00	
156	9.288922e-04	0.000000e+00	0.000000e+00	0.000000e+00	
157	9.388922e-04	0.000000e+00	0.000000e+00	0.000000e+00	
158	9.488922e-04	0.000000e+00	0.000000e+00	0.000000e+00	
159	9.588922e-04	0.000000e+00	0.000000e+00	0.000000e+00	
160	9.688922e-04	0.000000e+00	0.000000e+00	0.000000e+00	
161	9.788922e-04	0.000000e+00	0.000000e+00	0.000000e+00	
162	9.888922e-04	0.000000e+00	0.000000e+00	0.000000e+00	
163	9.988922e-04	0.000000e+00	0.000000e+00	0.000000e+00	
164	1.000010e-03	0.000000e+00	0.000000e+00	0.000000e+00	
165	1.000011e-03	0.000000e+00	0.000000e+00	0.000000e+00	
166	1.000013e-03	0.000000e+00	0.000000e+00	0.000000e+00	
167	1.000017e-03	0.000000e+00	0.000000e+00	0.000000e+00	
168	1.000018e-03	0.000000e+00	0.000000e+00	0.000000e+00	
169	1.000018e-03	0.000000e+00	0.000000e+00	0.000000e+00	
170	1.000018e-03	0.000000e+00	0.000000e+00	0.000000e+00	

Index   time            a55#branch_1_0  v1#branch       v2#branch       
--------------------------------------------------------------------------------
171	1.000018e-03	0.000000e+00	0.000000e+00	0.000000e+00	
172	1.000018e-03	0.000000e+00	0.000000e+00	0.000000e+00	
173	1.000018e-03	0.000000e+00	0.000000e+00	0.000000e+00	
174	1.000018e-03	0.000000e+00	0.000000e+00	0.000000e+00	
175	1.000018e-03	0.000000e+00	0.000000e+00	0.000000e+00	
176	1.000018e-03	0.000000e+00	0.000000e+00	0.000000e+00	
177	1.000018e-03	0.000000e+00	0.000000e+00	0.000000e+00	
178	1.000019e-03	0.000000e+00	0.000000e+00	0.000000e+00	
179	1.000019e-03	0.000000e+00	0.000000e+00	0.000000e+00	
180	1.000020e-03	0.000000e+00	0.000000e+00	0.000000e+00	
181	1.000020e-03	0.000000e+00	0.000000e+00	0.000000e+00	
182	1.000020e-03	0.000000e+00	0.000000e+00	0.000000e+00	
183	1.000021e-03	0.000000e+00	0.000000e+00	0.000000e+00	
184	1.000021e-03	0.000000e+00	0.000000e+00	0.000000e+00	
185	1.000021e-03	0.000000e+00	0.000000e+00	0.000000e+00	
186	1.000021e-03	0.000000e+00	0.000000e+00	0.000000e+00	
187	1.000021e-03	0.000000e+00	0.000000e+00	0.000000e+00	
188	1.000022e-03	0.000000e+00	0.000000e+00	0.000000e+00	
189	1.000022e-03	0.000000e+00	0.000000e+00	0.000000e+00	
190	1.000022e-03	0.000000e+00	0.000000e+00	0.000000e+00	
191	1.000022e-03	0.000000e+00	0.000000e+00	0.000000e+00	
192	1.000023e-03	0.000000e+00	0.000000e+00	0.000000e+00	
193	1.000023e-03	0.000000e+00	0.000000e+00	0.000000e+00	
194	1.000023e-03	0.000000e+00	0.000000e+00	0.000000e+00	
195	1.000023e-03	0.000000e+00	0.000000e+00	0.000000e+00	
196	1.000023e-03	0.000000e+00	0.000000e+00	0.000000e+00	
197	1.000024e-03	0.000000e+00	0.000000e+00	0.000000e+00	
198	1.000024e-03	0.000000e+00	0.000000e+00	0.000000e+00	
199	1.000024e-03	0.000000e+00	0.000000e+00	0.000000e+00	
200	1.000024e-03	0.000000e+00	0.000000e+00	0.000000e+00	
201	1.000024e-03	0.000000e+00	0.000000e+00	0.000000e+00	
202	1.000024e-03	0.000000e+00	0.000000e+00	0.000000e+00	
203	1.000024e-03	0.000000e+00	0.000000e+00	0.000000e+00	
204	1.000024e-03	0.000000e+00	0.000000e+00	0.000000e+00	
205	1.000024e-03	0.000000e+00	0.000000e+00	0.000000e+00	
206	1.000024e-03	0.000000e+00	0.000000e+00	0.000000e+00	
207	1.000024e-03	0.000000e+00	0.000000e+00	0.000000e+00	
208	1.000025e-03	0.000000e+00	0.000000e+00	0.000000e+00	
209	1.000025e-03	0.000000e+00	0.000000e+00	0.000000e+00	
210	1.000026e-03	0.000000e+00	0.000000e+00	0.000000e+00	
211	1.000028e-03	0.000000e+00	0.000000e+00	0.000000e+00	
212	1.000032e-03	0.000000e+00	0.000000e+00	0.000000e+00	
213	1.000040e-03	0.000000e+00	0.000000e+00	0.000000e+00	
214	1.000057e-03	0.000000e+00	0.000000e+00	0.000000e+00	
215	1.000090e-03	0.000000e+00	0.000000e+00	0.000000e+00	
216	1.000155e-03	0.000000e+00	0.000000e+00	0.000000e+00	
217	1.000286e-03	0.000000e+00	0.000000e+00	0.000000e+00	
218	1.000548e-03	0.000000e+00	0.000000e+00	0.000000e+00	
219	1.001073e-03	0.000000e+00	0.000000e+00	0.000000e+00	
220	1.002121e-03	0.000000e+00	0.000000e+00	0.000000e+00	
221	1.004218e-03	0.000000e+00	0.000000e+00	0.000000e+00	
222	1.008413e-03	0.000000e+00	0.000000e+00	0.000000e+00	
223	1.016801e-03	0.000000e+00	0.000000e+00	0.000000e+00	
224	1.026801e-03	0.000000e+00	0.000000e+00	0.000000e+00	
225	1.036801e-03	0.000000e+00	0.000000e+00	0.000000e+00	
226	1.046801e-03	0.000000e+00	0.000000e+00	0.000000e+00	
227	1.056801e-03	0.000000e+00	0.000000e+00	0.000000e+00	
228	1.066801e-03	0.000000e+00	0.000000e+00	0.000000e+00	

Index   time            a55#branch_1_0  v1#branch       v2#branch       
--------------------------------------------------------------------------------
229	1.076801e-03	0.000000e+00	0.000000e+00	0.000000e+00	
230	1.086801e-03	0.000000e+00	0.000000e+00	0.000000e+00	
231	1.096801e-03	0.000000e+00	0.000000e+00	0.000000e+00	
232	1.106801e-03	0.000000e+00	0.000000e+00	0.000000e+00	
233	1.116801e-03	0.000000e+00	0.000000e+00	0.000000e+00	
234	1.126801e-03	0.000000e+00	0.000000e+00	0.000000e+00	
235	1.136801e-03	0.000000e+00	0.000000e+00	0.000000e+00	
236	1.146801e-03	0.000000e+00	0.000000e+00	0.000000e+00	
237	1.156801e-03	0.000000e+00	0.000000e+00	0.000000e+00	
238	1.166801e-03	0.000000e+00	0.000000e+00	0.000000e+00	
239	1.176801e-03	0.000000e+00	0.000000e+00	0.000000e+00	
240	1.186801e-03	0.000000e+00	0.000000e+00	0.000000e+00	
241	1.196801e-03	0.000000e+00	0.000000e+00	0.000000e+00	
242	1.206801e-03	0.000000e+00	0.000000e+00	0.000000e+00	
243	1.216801e-03	0.000000e+00	0.000000e+00	0.000000e+00	
244	1.226801e-03	0.000000e+00	0.000000e+00	0.000000e+00	
245	1.236801e-03	0.000000e+00	0.000000e+00	0.000000e+00	
246	1.246801e-03	0.000000e+00	0.000000e+00	0.000000e+00	
247	1.256801e-03	0.000000e+00	0.000000e+00	0.000000e+00	
248	1.266801e-03	0.000000e+00	0.000000e+00	0.000000e+00	
249	1.276801e-03	0.000000e+00	0.000000e+00	0.000000e+00	
250	1.286801e-03	0.000000e+00	0.000000e+00	0.000000e+00	
251	1.296801e-03	0.000000e+00	0.000000e+00	0.000000e+00	
252	1.306801e-03	0.000000e+00	0.000000e+00	0.000000e+00	
253	1.316801e-03	0.000000e+00	0.000000e+00	0.000000e+00	
254	1.326801e-03	0.000000e+00	0.000000e+00	0.000000e+00	
255	1.336801e-03	0.000000e+00	0.000000e+00	0.000000e+00	
256	1.346801e-03	0.000000e+00	0.000000e+00	0.000000e+00	
257	1.356801e-03	0.000000e+00	0.000000e+00	0.000000e+00	
258	1.366801e-03	0.000000e+00	0.000000e+00	0.000000e+00	
259	1.376801e-03	0.000000e+00	0.000000e+00	0.000000e+00	
260	1.386801e-03	0.000000e+00	0.000000e+00	0.000000e+00	
261	1.396801e-03	0.000000e+00	0.000000e+00	0.000000e+00	
262	1.406801e-03	0.000000e+00	0.000000e+00	0.000000e+00	
263	1.416801e-03	0.000000e+00	0.000000e+00	0.000000e+00	
264	1.426801e-03	0.000000e+00	0.000000e+00	0.000000e+00	
265	1.436801e-03	0.000000e+00	0.000000e+00	0.000000e+00	
266	1.446801e-03	0.000000e+00	0.000000e+00	0.000000e+00	
267	1.456801e-03	0.000000e+00	0.000000e+00	0.000000e+00	
268	1.466801e-03	0.000000e+00	0.000000e+00	0.000000e+00	
269	1.476801e-03	0.000000e+00	0.000000e+00	0.000000e+00	
270	1.486801e-03	0.000000e+00	0.000000e+00	0.000000e+00	
271	1.496801e-03	0.000000e+00	0.000000e+00	0.000000e+00	
272	1.506801e-03	0.000000e+00	0.000000e+00	0.000000e+00	
273	1.516801e-03	0.000000e+00	0.000000e+00	0.000000e+00	
274	1.526801e-03	0.000000e+00	0.000000e+00	0.000000e+00	
275	1.536801e-03	0.000000e+00	0.000000e+00	0.000000e+00	
276	1.546801e-03	0.000000e+00	0.000000e+00	0.000000e+00	
277	1.556801e-03	0.000000e+00	0.000000e+00	0.000000e+00	
278	1.566801e-03	0.000000e+00	0.000000e+00	0.000000e+00	
279	1.576801e-03	0.000000e+00	0.000000e+00	0.000000e+00	
280	1.586801e-03	0.000000e+00	0.000000e+00	0.000000e+00	
281	1.596801e-03	0.000000e+00	0.000000e+00	0.000000e+00	
282	1.606801e-03	0.000000e+00	0.000000e+00	0.000000e+00	
283	1.616801e-03	0.000000e+00	0.000000e+00	0.000000e+00	
284	1.626801e-03	0.000000e+00	0.000000e+00	0.000000e+00	
285	1.636801e-03	0.000000e+00	0.000000e+00	0.000000e+00	
286	1.646801e-03	0.000000e+00	0.000000e+00	0.000000e+00	

Index   time            a55#branch_1_0  v1#branch       v2#branch       
--------------------------------------------------------------------------------
287	1.656801e-03	0.000000e+00	0.000000e+00	0.000000e+00	
288	1.666801e-03	0.000000e+00	0.000000e+00	0.000000e+00	
289	1.676801e-03	0.000000e+00	0.000000e+00	0.000000e+00	
290	1.686801e-03	0.000000e+00	0.000000e+00	0.000000e+00	
291	1.696801e-03	0.000000e+00	0.000000e+00	0.000000e+00	
292	1.706801e-03	0.000000e+00	0.000000e+00	0.000000e+00	
293	1.716801e-03	0.000000e+00	0.000000e+00	0.000000e+00	
294	1.726801e-03	0.000000e+00	0.000000e+00	0.000000e+00	
295	1.736801e-03	0.000000e+00	0.000000e+00	0.000000e+00	
296	1.746801e-03	0.000000e+00	0.000000e+00	0.000000e+00	
297	1.756801e-03	0.000000e+00	0.000000e+00	0.000000e+00	
298	1.766801e-03	0.000000e+00	0.000000e+00	0.000000e+00	
299	1.776801e-03	0.000000e+00	0.000000e+00	0.000000e+00	
300	1.786801e-03	0.000000e+00	0.000000e+00	0.000000e+00	
301	1.796801e-03	0.000000e+00	0.000000e+00	0.000000e+00	
302	1.806801e-03	0.000000e+00	0.000000e+00	0.000000e+00	
303	1.816801e-03	0.000000e+00	0.000000e+00	0.000000e+00	
304	1.826801e-03	0.000000e+00	0.000000e+00	0.000000e+00	
305	1.836801e-03	0.000000e+00	0.000000e+00	0.000000e+00	
306	1.846801e-03	0.000000e+00	0.000000e+00	0.000000e+00	
307	1.856801e-03	0.000000e+00	0.000000e+00	0.000000e+00	
308	1.866801e-03	0.000000e+00	0.000000e+00	0.000000e+00	
309	1.876801e-03	0.000000e+00	0.000000e+00	0.000000e+00	
310	1.886801e-03	0.000000e+00	0.000000e+00	0.000000e+00	
311	1.896801e-03	0.000000e+00	0.000000e+00	0.000000e+00	
312	1.906801e-03	0.000000e+00	0.000000e+00	0.000000e+00	
313	1.916801e-03	0.000000e+00	0.000000e+00	0.000000e+00	
314	1.926801e-03	0.000000e+00	0.000000e+00	0.000000e+00	
315	1.936801e-03	0.000000e+00	0.000000e+00	0.000000e+00	
316	1.946801e-03	0.000000e+00	0.000000e+00	0.000000e+00	
317	1.956801e-03	0.000000e+00	0.000000e+00	0.000000e+00	
318	1.966801e-03	0.000000e+00	0.000000e+00	0.000000e+00	
319	1.976801e-03	0.000000e+00	0.000000e+00	0.000000e+00	
320	1.986801e-03	0.000000e+00	0.000000e+00	0.000000e+00	
321	1.996801e-03	0.000000e+00	0.000000e+00	0.000000e+00	
322	2.000000e-03	0.000000e+00	0.000000e+00	0.000000e+00	

                                kicad schematic
                                Transient Analysis  Sun Nov 09 01:09:35  2025
--------------------------------------------------------------------------------
Index   time            v3#branch       v4#branch       
--------------------------------------------------------------------------------
0	0.000000e+00	0.000000e+00	0.000000e+00	
1	1.000000e-10	0.000000e+00	0.000000e+00	
2	2.000000e-10	0.000000e+00	0.000000e+00	
3	4.000000e-10	0.000000e+00	0.000000e+00	
4	8.000000e-10	0.000000e+00	0.000000e+00	
5	1.600000e-09	0.000000e+00	0.000000e+00	
6	3.200000e-09	0.000000e+00	0.000000e+00	
7	6.400000e-09	0.000000e+00	0.000000e+00	
8	1.000000e-08	0.000000e+00	0.000000e+00	
9	1.064000e-08	0.000000e+00	0.000000e+00	
10	1.140000e-08	0.000000e+00	0.000000e+00	
11	1.149000e-08	0.000000e+00	0.000000e+00	
12	1.167000e-08	0.000000e+00	0.000000e+00	
13	1.203000e-08	0.000000e+00	0.000000e+00	
14	1.230000e-08	0.000000e+00	0.000000e+00	
15	1.237200e-08	0.000000e+00	0.000000e+00	
16	1.251600e-08	0.000000e+00	0.000000e+00	
17	1.280400e-08	0.000000e+00	0.000000e+00	
18	1.338000e-08	0.000000e+00	0.000000e+00	
19	1.340000e-08	0.000000e+00	0.000000e+00	
20	1.341000e-08	0.000000e+00	0.000000e+00	
21	1.343000e-08	0.000000e+00	0.000000e+00	
22	1.347000e-08	0.000000e+00	0.000000e+00	
23	1.350000e-08	0.000000e+00	0.000000e+00	
24	1.350800e-08	0.000000e+00	0.000000e+00	
25	1.352400e-08	0.000000e+00	0.000000e+00	
26	1.355600e-08	0.000000e+00	0.000000e+00	
27	1.362000e-08	0.000000e+00	0.000000e+00	
28	1.374800e-08	0.000000e+00	0.000000e+00	
29	1.400400e-08	0.000000e+00	0.000000e+00	
30	1.451600e-08	0.000000e+00	0.000000e+00	
31	1.500000e-08	0.000000e+00	0.000000e+00	
32	1.501000e-08	0.000000e+00	0.000000e+00	
33	1.503000e-08	0.000000e+00	0.000000e+00	
34	1.507000e-08	0.000000e+00	0.000000e+00	
35	1.510000e-08	0.000000e+00	0.000000e+00	
36	1.510800e-08	0.000000e+00	0.000000e+00	
37	1.512400e-08	0.000000e+00	0.000000e+00	
38	1.515600e-08	0.000000e+00	0.000000e+00	
39	1.522000e-08	0.000000e+00	0.000000e+00	
40	1.534800e-08	0.000000e+00	0.000000e+00	
41	1.560400e-08	0.000000e+00	0.000000e+00	
42	1.611600e-08	0.000000e+00	0.000000e+00	
43	1.700000e-08	0.000000e+00	0.000000e+00	
44	1.709000e-08	0.000000e+00	0.000000e+00	
45	1.727000e-08	0.000000e+00	0.000000e+00	
46	1.763000e-08	0.000000e+00	0.000000e+00	
47	1.790000e-08	0.000000e+00	0.000000e+00	
48	1.797200e-08	0.000000e+00	0.000000e+00	
49	1.811600e-08	0.000000e+00	0.000000e+00	
50	1.840400e-08	0.000000e+00	0.000000e+00	
51	1.898000e-08	0.000000e+00	0.000000e+00	
52	2.013200e-08	0.000000e+00	0.000000e+00	
53	2.243600e-08	0.000000e+00	0.000000e+00	
54	2.704400e-08	0.000000e+00	0.000000e+00	

Index   time            v3#branch       v4#branch       
--------------------------------------------------------------------------------
55	3.626000e-08	0.000000e+00	0.000000e+00	
56	5.469200e-08	0.000000e+00	0.000000e+00	
57	9.155600e-08	0.000000e+00	0.000000e+00	
58	1.652840e-07	0.000000e+00	0.000000e+00	
59	3.127400e-07	0.000000e+00	0.000000e+00	
60	6.076520e-07	0.000000e+00	0.000000e+00	
61	1.197476e-06	0.000000e+00	0.000000e+00	
62	2.377124e-06	0.000000e+00	0.000000e+00	
63	4.736420e-06	0.000000e+00	0.000000e+00	
64	9.455012e-06	0.000000e+00	0.000000e+00	
65	1.889220e-05	0.000000e+00	0.000000e+00	
66	2.889220e-05	0.000000e+00	0.000000e+00	
67	3.889220e-05	0.000000e+00	0.000000e+00	
68	4.889220e-05	0.000000e+00	0.000000e+00	
69	5.889220e-05	0.000000e+00	0.000000e+00	
70	6.889220e-05	0.000000e+00	0.000000e+00	
71	7.889220e-05	0.000000e+00	0.000000e+00	
72	8.889220e-05	0.000000e+00	0.000000e+00	
73	9.889220e-05	0.000000e+00	0.000000e+00	
74	1.088922e-04	0.000000e+00	0.000000e+00	
75	1.188922e-04	0.000000e+00	0.000000e+00	
76	1.288922e-04	0.000000e+00	0.000000e+00	
77	1.388922e-04	0.000000e+00	0.000000e+00	
78	1.488922e-04	0.000000e+00	0.000000e+00	
79	1.588922e-04	0.000000e+00	0.000000e+00	
80	1.688922e-04	0.000000e+00	0.000000e+00	
81	1.788922e-04	0.000000e+00	0.000000e+00	
82	1.888922e-04	0.000000e+00	0.000000e+00	
83	1.988922e-04	0.000000e+00	0.000000e+00	
84	2.088922e-04	0.000000e+00	0.000000e+00	
85	2.188922e-04	0.000000e+00	0.000000e+00	
86	2.288922e-04	0.000000e+00	0.000000e+00	
87	2.388922e-04	0.000000e+00	0.000000e+00	
88	2.488922e-04	0.000000e+00	0.000000e+00	
89	2.588922e-04	0.000000e+00	0.000000e+00	
90	2.688922e-04	0.000000e+00	0.000000e+00	
91	2.788922e-04	0.000000e+00	0.000000e+00	
92	2.888922e-04	0.000000e+00	0.000000e+00	
93	2.988922e-04	0.000000e+00	0.000000e+00	
94	3.088922e-04	0.000000e+00	0.000000e+00	
95	3.188922e-04	0.000000e+00	0.000000e+00	
96	3.288922e-04	0.000000e+00	0.000000e+00	
97	3.388922e-04	0.000000e+00	0.000000e+00	
98	3.488922e-04	0.000000e+00	0.000000e+00	
99	3.588922e-04	0.000000e+00	0.000000e+00	
100	3.688922e-04	0.000000e+00	0.000000e+00	
101	3.788922e-04	0.000000e+00	0.000000e+00	
102	3.888922e-04	0.000000e+00	0.000000e+00	
103	3.988922e-04	0.000000e+00	0.000000e+00	
104	4.088922e-04	0.000000e+00	0.000000e+00	
105	4.188922e-04	0.000000e+00	0.000000e+00	
106	4.288922e-04	0.000000e+00	0.000000e+00	
107	4.388922e-04	0.000000e+00	0.000000e+00	
108	4.488922e-04	0.000000e+00	0.000000e+00	
109	4.588922e-04	0.000000e+00	0.000000e+00	
110	4.688922e-04	0.000000e+00	0.000000e+00	
111	4.788922e-04	0.000000e+00	0.000000e+00	
112	4.888922e-04	0.000000e+00	0.000000e+00	

Index   time            v3#branch       v4#branch       
--------------------------------------------------------------------------------
113	4.988922e-04	0.000000e+00	0.000000e+00	
114	5.088922e-04	0.000000e+00	0.000000e+00	
115	5.188922e-04	0.000000e+00	0.000000e+00	
116	5.288922e-04	0.000000e+00	0.000000e+00	
117	5.388922e-04	0.000000e+00	0.000000e+00	
118	5.488922e-04	0.000000e+00	0.000000e+00	
119	5.588922e-04	0.000000e+00	0.000000e+00	
120	5.688922e-04	0.000000e+00	0.000000e+00	
121	5.788922e-04	0.000000e+00	0.000000e+00	
122	5.888922e-04	0.000000e+00	0.000000e+00	
123	5.988922e-04	0.000000e+00	0.000000e+00	
124	6.088922e-04	0.000000e+00	0.000000e+00	
125	6.188922e-04	0.000000e+00	0.000000e+00	
126	6.288922e-04	0.000000e+00	0.000000e+00	
127	6.388922e-04	0.000000e+00	0.000000e+00	
128	6.488922e-04	0.000000e+00	0.000000e+00	
129	6.588922e-04	0.000000e+00	0.000000e+00	
130	6.688922e-04	0.000000e+00	0.000000e+00	
131	6.788922e-04	0.000000e+00	0.000000e+00	
132	6.888922e-04	0.000000e+00	0.000000e+00	
133	6.988922e-04	0.000000e+00	0.000000e+00	
134	7.088922e-04	0.000000e+00	0.000000e+00	
135	7.188922e-04	0.000000e+00	0.000000e+00	
136	7.288922e-04	0.000000e+00	0.000000e+00	
137	7.388922e-04	0.000000e+00	0.000000e+00	
138	7.488922e-04	0.000000e+00	0.000000e+00	
139	7.588922e-04	0.000000e+00	0.000000e+00	
140	7.688922e-04	0.000000e+00	0.000000e+00	
141	7.788922e-04	0.000000e+00	0.000000e+00	
142	7.888922e-04	0.000000e+00	0.000000e+00	
143	7.988922e-04	0.000000e+00	0.000000e+00	
144	8.088922e-04	0.000000e+00	0.000000e+00	
145	8.188922e-04	0.000000e+00	0.000000e+00	
146	8.288922e-04	0.000000e+00	0.000000e+00	
147	8.388922e-04	0.000000e+00	0.000000e+00	
148	8.488922e-04	0.000000e+00	0.000000e+00	
149	8.588922e-04	0.000000e+00	0.000000e+00	
150	8.688922e-04	0.000000e+00	0.000000e+00	
151	8.788922e-04	0.000000e+00	0.000000e+00	
152	8.888922e-04	0.000000e+00	0.000000e+00	
153	8.988922e-04	0.000000e+00	0.000000e+00	
154	9.088922e-04	0.000000e+00	0.000000e+00	
155	9.188922e-04	0.000000e+00	0.000000e+00	
156	9.288922e-04	0.000000e+00	0.000000e+00	
157	9.388922e-04	0.000000e+00	0.000000e+00	
158	9.488922e-04	0.000000e+00	0.000000e+00	
159	9.588922e-04	0.000000e+00	0.000000e+00	
160	9.688922e-04	0.000000e+00	0.000000e+00	
161	9.788922e-04	0.000000e+00	0.000000e+00	
162	9.888922e-04	0.000000e+00	0.000000e+00	
163	9.988922e-04	0.000000e+00	0.000000e+00	
164	1.000010e-03	0.000000e+00	0.000000e+00	
165	1.000011e-03	0.000000e+00	0.000000e+00	
166	1.000013e-03	0.000000e+00	0.000000e+00	
167	1.000017e-03	0.000000e+00	0.000000e+00	
168	1.000018e-03	0.000000e+00	0.000000e+00	
169	1.000018e-03	0.000000e+00	0.000000e+00	
170	1.000018e-03	0.000000e+00	0.000000e+00	

Index   time            v3#branch       v4#branch       
--------------------------------------------------------------------------------
171	1.000018e-03	0.000000e+00	0.000000e+00	
172	1.000018e-03	0.000000e+00	0.000000e+00	
173	1.000018e-03	0.000000e+00	0.000000e+00	
174	1.000018e-03	0.000000e+00	0.000000e+00	
175	1.000018e-03	0.000000e+00	0.000000e+00	
176	1.000018e-03	0.000000e+00	0.000000e+00	
177	1.000018e-03	0.000000e+00	0.000000e+00	
178	1.000019e-03	0.000000e+00	0.000000e+00	
179	1.000019e-03	0.000000e+00	0.000000e+00	
180	1.000020e-03	0.000000e+00	0.000000e+00	
181	1.000020e-03	0.000000e+00	0.000000e+00	
182	1.000020e-03	0.000000e+00	0.000000e+00	
183	1.000021e-03	0.000000e+00	0.000000e+00	
184	1.000021e-03	0.000000e+00	0.000000e+00	
185	1.000021e-03	0.000000e+00	0.000000e+00	
186	1.000021e-03	0.000000e+00	0.000000e+00	
187	1.000021e-03	0.000000e+00	0.000000e+00	
188	1.000022e-03	0.000000e+00	0.000000e+00	
189	1.000022e-03	0.000000e+00	0.000000e+00	
190	1.000022e-03	0.000000e+00	0.000000e+00	
191	1.000022e-03	0.000000e+00	0.000000e+00	
192	1.000023e-03	0.000000e+00	0.000000e+00	
193	1.000023e-03	0.000000e+00	0.000000e+00	
194	1.000023e-03	0.000000e+00	0.000000e+00	
195	1.000023e-03	0.000000e+00	0.000000e+00	
196	1.000023e-03	0.000000e+00	0.000000e+00	
197	1.000024e-03	0.000000e+00	0.000000e+00	
198	1.000024e-03	0.000000e+00	0.000000e+00	
199	1.000024e-03	0.000000e+00	0.000000e+00	
200	1.000024e-03	0.000000e+00	0.000000e+00	
201	1.000024e-03	0.000000e+00	0.000000e+00	
202	1.000024e-03	0.000000e+00	0.000000e+00	
203	1.000024e-03	0.000000e+00	0.000000e+00	
204	1.000024e-03	0.000000e+00	0.000000e+00	
205	1.000024e-03	0.000000e+00	0.000000e+00	
206	1.000024e-03	0.000000e+00	0.000000e+00	
207	1.000024e-03	0.000000e+00	0.000000e+00	
208	1.000025e-03	0.000000e+00	0.000000e+00	
209	1.000025e-03	0.000000e+00	0.000000e+00	
210	1.000026e-03	0.000000e+00	0.000000e+00	
211	1.000028e-03	0.000000e+00	0.000000e+00	
212	1.000032e-03	0.000000e+00	0.000000e+00	
213	1.000040e-03	0.000000e+00	0.000000e+00	
214	1.000057e-03	0.000000e+00	0.000000e+00	
215	1.000090e-03	0.000000e+00	0.000000e+00	
216	1.000155e-03	0.000000e+00	0.000000e+00	
217	1.000286e-03	0.000000e+00	0.000000e+00	
218	1.000548e-03	0.000000e+00	0.000000e+00	
219	1.001073e-03	0.000000e+00	0.000000e+00	
220	1.002121e-03	0.000000e+00	0.000000e+00	
221	1.004218e-03	0.000000e+00	0.000000e+00	
222	1.008413e-03	0.000000e+00	0.000000e+00	
223	1.016801e-03	0.000000e+00	0.000000e+00	
224	1.026801e-03	0.000000e+00	0.000000e+00	
225	1.036801e-03	0.000000e+00	0.000000e+00	
226	1.046801e-03	0.000000e+00	0.000000e+00	
227	1.056801e-03	0.000000e+00	0.000000e+00	
228	1.066801e-03	0.000000e+00	0.000000e+00	

Index   time            v3#branch       v4#branch       
--------------------------------------------------------------------------------
229	1.076801e-03	0.000000e+00	0.000000e+00	
230	1.086801e-03	0.000000e+00	0.000000e+00	
231	1.096801e-03	0.000000e+00	0.000000e+00	
232	1.106801e-03	0.000000e+00	0.000000e+00	
233	1.116801e-03	0.000000e+00	0.000000e+00	
234	1.126801e-03	0.000000e+00	0.000000e+00	
235	1.136801e-03	0.000000e+00	0.000000e+00	
236	1.146801e-03	0.000000e+00	0.000000e+00	
237	1.156801e-03	0.000000e+00	0.000000e+00	
238	1.166801e-03	0.000000e+00	0.000000e+00	
239	1.176801e-03	0.000000e+00	0.000000e+00	
240	1.186801e-03	0.000000e+00	0.000000e+00	
241	1.196801e-03	0.000000e+00	0.000000e+00	
242	1.206801e-03	0.000000e+00	0.000000e+00	
243	1.216801e-03	0.000000e+00	0.000000e+00	
244	1.226801e-03	0.000000e+00	0.000000e+00	
245	1.236801e-03	0.000000e+00	0.000000e+00	
246	1.246801e-03	0.000000e+00	0.000000e+00	
247	1.256801e-03	0.000000e+00	0.000000e+00	
248	1.266801e-03	0.000000e+00	0.000000e+00	
249	1.276801e-03	0.000000e+00	0.000000e+00	
250	1.286801e-03	0.000000e+00	0.000000e+00	
251	1.296801e-03	0.000000e+00	0.000000e+00	
252	1.306801e-03	0.000000e+00	0.000000e+00	
253	1.316801e-03	0.000000e+00	0.000000e+00	
254	1.326801e-03	0.000000e+00	0.000000e+00	
255	1.336801e-03	0.000000e+00	0.000000e+00	
256	1.346801e-03	0.000000e+00	0.000000e+00	
257	1.356801e-03	0.000000e+00	0.000000e+00	
258	1.366801e-03	0.000000e+00	0.000000e+00	
259	1.376801e-03	0.000000e+00	0.000000e+00	
260	1.386801e-03	0.000000e+00	0.000000e+00	
261	1.396801e-03	0.000000e+00	0.000000e+00	
262	1.406801e-03	0.000000e+00	0.000000e+00	
263	1.416801e-03	0.000000e+00	0.000000e+00	
264	1.426801e-03	0.000000e+00	0.000000e+00	
265	1.436801e-03	0.000000e+00	0.000000e+00	
266	1.446801e-03	0.000000e+00	0.000000e+00	
267	1.456801e-03	0.000000e+00	0.000000e+00	
268	1.466801e-03	0.000000e+00	0.000000e+00	
269	1.476801e-03	0.000000e+00	0.000000e+00	
270	1.486801e-03	0.000000e+00	0.000000e+00	
271	1.496801e-03	0.000000e+00	0.000000e+00	
272	1.506801e-03	0.000000e+00	0.000000e+00	
273	1.516801e-03	0.000000e+00	0.000000e+00	
274	1.526801e-03	0.000000e+00	0.000000e+00	
275	1.536801e-03	0.000000e+00	0.000000e+00	
276	1.546801e-03	0.000000e+00	0.000000e+00	
277	1.556801e-03	0.000000e+00	0.000000e+00	
278	1.566801e-03	0.000000e+00	0.000000e+00	
279	1.576801e-03	0.000000e+00	0.000000e+00	
280	1.586801e-03	0.000000e+00	0.000000e+00	
281	1.596801e-03	0.000000e+00	0.000000e+00	
282	1.606801e-03	0.000000e+00	0.000000e+00	
283	1.616801e-03	0.000000e+00	0.000000e+00	
284	1.626801e-03	0.000000e+00	0.000000e+00	
285	1.636801e-03	0.000000e+00	0.000000e+00	
286	1.646801e-03	0.000000e+00	0.000000e+00	

Index   time            v3#branch       v4#branch       
--------------------------------------------------------------------------------
287	1.656801e-03	0.000000e+00	0.000000e+00	
288	1.666801e-03	0.000000e+00	0.000000e+00	
289	1.676801e-03	0.000000e+00	0.000000e+00	
290	1.686801e-03	0.000000e+00	0.000000e+00	
291	1.696801e-03	0.000000e+00	0.000000e+00	
292	1.706801e-03	0.000000e+00	0.000000e+00	
293	1.716801e-03	0.000000e+00	0.000000e+00	
294	1.726801e-03	0.000000e+00	0.000000e+00	
295	1.736801e-03	0.000000e+00	0.000000e+00	
296	1.746801e-03	0.000000e+00	0.000000e+00	
297	1.756801e-03	0.000000e+00	0.000000e+00	
298	1.766801e-03	0.000000e+00	0.000000e+00	
299	1.776801e-03	0.000000e+00	0.000000e+00	
300	1.786801e-03	0.000000e+00	0.000000e+00	
301	1.796801e-03	0.000000e+00	0.000000e+00	
302	1.806801e-03	0.000000e+00	0.000000e+00	
303	1.816801e-03	0.000000e+00	0.000000e+00	
304	1.826801e-03	0.000000e+00	0.000000e+00	
305	1.836801e-03	0.000000e+00	0.000000e+00	
306	1.846801e-03	0.000000e+00	0.000000e+00	
307	1.856801e-03	0.000000e+00	0.000000e+00	
308	1.866801e-03	0.000000e+00	0.000000e+00	
309	1.876801e-03	0.000000e+00	0.000000e+00	
310	1.886801e-03	0.000000e+00	0.000000e+00	
311	1.896801e-03	0.000000e+00	0.000000e+00	
312	1.906801e-03	0.000000e+00	0.000000e+00	
313	1.916801e-03	0.000000e+00	0.000000e+00	
314	1.926801e-03	0.000000e+00	0.000000e+00	
315	1.936801e-03	0.000000e+00	0.000000e+00	
316	1.946801e-03	0.000000e+00	0.000000e+00	
317	1.956801e-03	0.000000e+00	0.000000e+00	
318	1.966801e-03	0.000000e+00	0.000000e+00	
319	1.976801e-03	0.000000e+00	0.000000e+00	
320	1.986801e-03	0.000000e+00	0.000000e+00	
321	1.996801e-03	0.000000e+00	0.000000e+00	
322	2.000000e-03	0.000000e+00	0.000000e+00	
